23759.0
14823.0
-7684.0
-21441.0
-7636.0
-26731.0
-26212.0
-29438.0
27798.0
-5186.0
-568.0
18855.0
-17817.0
788.0
-19052.0
-1146.0
-17061.0
26140.0
17222.0
-5477.0
-55042.0
12574.0
-39888.0
-26018.0
10958.0
-34907.0
-36473.0
-14327.0
-40997.0
3142.0
28425.0
-7322.0
77348.0
31296.0
5806.0
-29117.0
-23606.0
-24255.0
-30088.0
-39318.0
38533.0
-33682.0
-58720.0
26793.0
-14734.0
17374.0
-56407.0
-17296.0
2062.0
27317.0
-13689.0
-6556.0
-70524.0
35059.0
-40709.0
-6208.0
32384.0
-40747.0
-53437.0
-21747.0
-48913.0
9523.0
30115.0
-5473.0
64083.0
25407.0
-2012.0
-23999.0
-20173.0
-33715.0
-37604.0
-37118.0
41808.0
-38814.0
-54868.0
25987.0
-20077.0
15223.0
-41585.0
-10922.0
8116.0
22123.0
224.0
-4485.0
-63649.0
31048.0
-36983.0
-6366.0
28984.0
-36588.0
-41781.0
-23241.0
-51232.0
8281.0
26596.0
-9017.0
67644.0
28932.0
4664.0
-25415.0
-23998.0
-31618.0
-31731.0
-34802.0
41188.0
-37333.0
-51747.0
28734.0
-18052.0
15943.0
-46157.0
-14545.0
2812.0
19760.0
-3666.0
-5198.0
-70648.0
32019.0
-35277.0
-1457.0
31419.0
-39748.0
-42170.0
-20822.0
-47744.0
6788.0
27192.0
-8670.0
68726.0
26912.0
1643.0
-26516.0
-25120.0
-33562.0
-33517.0
-38507.0
43661.0
-40664.0
-51866.0
27292.0
-19013.0
17559.0
-43852.0
-16949.0
4096.0
19176.0
-1960.0
-5608.0
-72337.0
31415.0
-34569.0
-6308.0
28223.0
-40890.0
-41674.0
-20070.0
-47985.0
7487.0
26791.0
-9029.0
68475.0
26008.0
-2621.0
-26778.0
-29721.0
-35219.0
-34777.0
-32330.0
43331.0
-35294.0
-50837.0
29009.0
-16572.0
15077.0
-41961.0
-13960.0
1546.0
21278.0
-2653.0
-6095.0
-68961.0
31760.0
-33957.0
-2375.0
31139.0
-40145.0
-41616.0
-23660.0
-50495.0
6923.0
25011.0
-13224.0
68181.0
34358.0
9286.0
-20943.0
-26948.0
-31535.0
-39837.0
-31021.0
51484.0
-44280.0
-55957.0
28295.0
-20215.0
20578.0
-49504.0
-18471.0
1176.0
23940.0
-3094.0
-12968.0
-77677.0
31976.0
-36990.0
-5330.0
25914.0
-44614.0
-49021.0
-19388.0
-51367.0
9291.0
27738.0
-10909.0
49376.0
4751.0
-3533.0
-17054.0
-24670.0
-29628.0
-37464.0
-14662.0
35403.0
-44960.0
-44439.0
43271.0
-2584.0
-3167.0
-27835.0
-27378.0
2611.0
-1975.0
7507.0
4466.0
-21355.0
40600.0
-20472.0
21369.0
14905.0
-13146.0
-16105.0
-19154.0
-35112.0
-144.0
20707.0
-22400.0
