1867.0
11911.0
-6236.0
2740.0
496.0
-27855.0
-2524.0
1884.0
33814.0
-8825.0
12518.0
6829.0
-13102.0
1330.0
-10389.0
-20637.0
-21447.0
17381.0
-1872.0
-20920.0
-47807.0
15592.0
-8281.0
-28333.0
-22203.0
-16460.0
-30987.0
16022.0
-32903.0
-817.0
2724.0
-25656.0
34151.0
33631.0
15090.0
-3147.0
-15693.0
-40997.0
9636.0
-7222.0
43017.0
-11447.0
-867.0
7398.0
-2781.0
12160.0
-34185.0
-34273.0
-20238.0
15516.0
-18481.0
-11999.0
-56507.0
20668.0
1198.0
-19794.0
-6378.0
-8204.0
-54969.0
16273.0
-42578.0
-8702.0
7971.0
-38018.0
31915.0
26109.0
10369.0
-5289.0
-14242.0
-45049.0
3026.0
3349.0
40846.0
-14241.0
-896.0
383.0
-5770.0
12619.0
-19690.0
-28827.0
-16749.0
17927.0
-10021.0
-11683.0
-51501.0
19075.0
3301.0
-16349.0
-14955.0
-8817.0
-51226.0
14774.0
-44144.0
-5567.0
6967.0
-44746.0
34961.0
27023.0
11787.0
-1388.0
-15119.0
-44927.0
6622.0
830.0
40148.0
-16418.0
1022.0
6424.0
-3926.0
13132.0
-25919.0
-26972.0
-16786.0
15949.0
-12044.0
-7417.0
-49764.0
19947.0
5362.0
-18211.0
-12276.0
-9332.0
-54008.0
17014.0
-44961.0
-4569.0
8478.0
-44195.0
34518.0
26035.0
9099.0
-4371.0
-13983.0
-43841.0
3451.0
845.0
40144.0
-17228.0
-559.0
4993.0
-5601.0
11900.0
-22004.0
-30286.0
-17202.0
16688.0
-12089.0
-10370.0
-47003.0
23119.0
5869.0
-19455.0
-14236.0
-10086.0
-53068.0
15733.0
-44227.0
-4540.0
7093.0
-46063.0
34257.0
26267.0
11959.0
-4681.0
-16901.0
-47324.0
5996.0
3176.0
37858.0
-15477.0
4297.0
5747.0
-1436.0
11392.0
-22843.0
-25080.0
-16652.0
13941.0
-10750.0
-9007.0
-47483.0
20253.0
6263.0
-16515.0
-10039.0
-7547.0
-50168.0
15863.0
-44257.0
-4848.0
7606.0
-46575.0
33778.0
32542.0
16845.0
-626.0
-18460.0
-45236.0
-196.0
1300.0
48189.0
-20905.0
-3420.0
2064.0
-9025.0
10897.0
-28733.0
-27577.0
-15472.0
17080.0
-13425.0
-13353.0
-51501.0
22357.0
4449.0
-16215.0
-10379.0
-10483.0
-56432.0
20045.0
-42904.0
-2657.0
12789.0
-40456.0
27880.0
14614.0
11659.0
-2892.0
-14802.0
-47170.0
-2719.0
5028.0
31027.0
-25863.0
15202.0
19780.0
8314.0
-8271.0
-9771.0
-22227.0
-12234.0
-6410.0
-1257.0
5578.0
-15043.0
17666.0
1694.0
17038.0
-18.0
1592.0
-26251.0
9938.0
-28656.0
-7120.0
9266.0
-32691.0
