0.0
0.0
0.0
192.0
203.0
0.0
137.0
0.0
0.0
4.0
255.0
32.0
0.0
98.0
158.0
0.0
0.0
101.0
133.0
0.0
28.0
0.0
59.0
0.0
0.0
0.0
0.0
255.0
0.0
86.0
94.0
0.0
49.0
132.0
85.0
146.0
77.0
0.0
232.0
0.0
33.0
0.0
255.0
37.0
55.0
182.0
0.0
0.0
0.0
86.0
3.0
0.0
0.0
20.0
133.0
0.0
0.0
0.0
0.0
255.0
0.0
24.0
135.0
0.0
32.0
73.0
48.0
130.0
88.0
0.0
181.0
0.0
16.0
0.0
255.0
0.0
31.0
186.0
85.0
0.0
0.0
105.0
69.0
0.0
0.0
7.0
150.0
0.0
0.0
0.0
0.0
255.0
0.0
49.0
127.0
0.0
55.0
80.0
59.0
160.0
81.0
0.0
209.0
0.0
10.0
0.0
255.0
29.0
46.0
190.0
37.0
0.0
0.0
89.0
54.0
0.0
13.0
14.0
166.0
0.0
0.0
0.0
0.0
255.0
0.0
56.0
139.0
0.0
52.0
73.0
38.0
137.0
90.0
0.0
184.0
0.0
10.0
0.0
255.0
18.0
33.0
180.0
67.0
0.0
0.0
95.0
53.0
0.0
35.0
39.0
170.0
0.0
0.0
0.0
0.0
255.0
0.0
57.0
128.0
0.0
50.0
75.0
61.0
134.0
67.0
0.0
204.0
0.0
0.0
0.0
255.0
24.0
65.0
176.0
61.0
0.0
0.0
74.0
64.0
0.0
31.0
17.0
173.0
0.0
0.0
0.0
0.0
255.0
0.0
54.0
132.0
0.0
46.0
124.0
99.0
166.0
55.0
0.0
156.0
0.0
73.0
0.0
255.0
0.0
6.0
173.0
15.0
0.0
0.0
98.0
43.0
0.0
0.0
33.0
159.0
0.0
0.0
0.0
0.0
255.0
0.0
71.0
173.0
0.0
0.0
0.0
58.0
148.0
84.0
0.0
136.0
4.0
0.0
0.0
255.0
133.0
141.0
23.0
163.0
0.0
0.0
0.0
138.0
58.0
255.0
0.0
137.0
237.0
0.0
0.0
0.0
255.0
0.0
36.0
145.0
0.0
