8753.0
17511.0
-32692.0
-27097.0
-20077.0
-6057.0
-2505.0
10453.0
-1586.0
6461.0
5203.0
-19514.0
-26267.0
-18030.0
-8294.0
-11394.0
-8106.0
-4001.0
6510.0
2576.0
6130.0
-5833.0
-10809.0
-2402.0
28657.0
-12443.0
-81.0
-10356.0
-5075.0
-19746.0
-5244.0
9003.0
17427.0
29020.0
-29827.0
-12910.0
-18143.0
-844.0
-16113.0
-19621.0
-19.0
1158.0
19780.0
-33660.0
-20165.0
-25380.0
-868.0
-11480.0
-1893.0
-26490.0
15236.0
7755.0
-4212.0
-339.0
-17625.0
-20184.0
27766.0
-1987.0
-5585.0
-13546.0
-3056.0
-29162.0
-1479.0
15724.0
9562.0
20344.0
-36909.0
-13735.0
-15920.0
-6046.0
-13426.0
-16239.0
-3434.0
2403.0
23716.0
-33333.0
-25085.0
-23293.0
5649.0
-37540.0
-11714.0
-28835.0
11001.0
-267.0
-4482.0
-996.0
-16744.0
-7599.0
30016.0
-5973.0
556.0
-15117.0
-3986.0
-29022.0
3499.0
20572.0
6138.0
21472.0
-26845.0
-9684.0
-23550.0
-4645.0
-15083.0
-6371.0
14778.0
-6061.0
18277.0
-36156.0
-23899.0
-25224.0
1052.0
-32180.0
-6873.0
-30775.0
13831.0
3750.0
-12902.0
-12074.0
-20188.0
-9447.0
43182.0
1787.0
-10065.0
-18164.0
5082.0
-26211.0
12249.0
26557.0
11998.0
25279.0
-15012.0
-8542.0
-18171.0
-5672.0
-8524.0
-9982.0
6212.0
-9732.0
16951.0
-17019.0
-27255.0
-25178.0
-3350.0
-33414.0
-11754.0
-19397.0
11500.0
4554.0
-9022.0
-3870.0
-19911.0
-3511.0
21242.0
-195.0
539.0
-6554.0
8579.0
-24311.0
-5098.0
27863.0
11443.0
14820.0
-31614.0
-19737.0
-21303.0
-1604.0
-14155.0
-8320.0
2684.0
-6315.0
25074.0
-31066.0
-19386.0
-23574.0
-6327.0
-37598.0
-11538.0
-14882.0
10776.0
-3213.0
-9851.0
-3173.0
-15080.0
-9350.0
38323.0
-6426.0
-9809.0
-9555.0
11960.0
-26140.0
6693.0
25574.0
23771.0
27083.0
-30474.0
-28717.0
-22942.0
-2347.0
-1186.0
-3997.0
-4447.0
6634.0
29437.0
-29961.0
-14383.0
-17383.0
617.0
-36001.0
-8066.0
-17573.0
8927.0
613.0
-9040.0
-920.0
-23228.0
-15480.0
24553.0
2475.0
129.0
-19515.0
1881.0
-29867.0
-7556.0
17640.0
1511.0
8314.0
-12528.0
-11895.0
-3912.0
3077.0
-26595.0
-4205.0
11143.0
-9158.0
27659.0
-11545.0
-18831.0
-6703.0
-6101.0
-11118.0
-17039.0
-16475.0
31871.0
-252.0
-9519.0
8873.0
-15268.0
791.0
29433.0
-8331.0
2749.0
-22117.0
2475.0
-28093.0
1303.0
17169.0
