9056.0
21475.0
-41638.0
-16222.0
-12106.0
-13654.0
-13389.0
13914.0
7746.0
-17471.0
8067.0
-40914.0
-25828.0
-27502.0
-23716.0
196.0
-7909.0
-4708.0
-5403.0
-1174.0
-1.0
-354.0
-14251.0
2894.0
10002.0
-1064.0
-3686.0
-19362.0
-4444.0
-15592.0
2091.0
-6293.0
21869.0
18785.0
-34569.0
-12298.0
856.0
-5071.0
2456.0
-33120.0
-12086.0
-29210.0
43027.0
-29007.0
-19822.0
-32260.0
-8933.0
-24256.0
-9158.0
12784.0
-7077.0
-16919.0
1152.0
18553.0
-21268.0
-23574.0
12368.0
-133.0
-15098.0
-32143.0
-9588.0
-33109.0
965.0
5752.0
20575.0
18608.0
-51382.0
-10598.0
-4203.0
-8833.0
-1938.0
-3829.0
5642.0
-34000.0
40219.0
-39368.0
-25043.0
-30625.0
-21944.0
-29446.0
-8057.0
-16345.0
9789.0
-15307.0
-3710.0
7219.0
-24146.0
-28218.0
32687.0
-12247.0
-7420.0
-44329.0
500.0
-40045.0
11928.0
12129.0
16447.0
6381.0
-35315.0
-3774.0
-1980.0
-16790.0
-7731.0
-8722.0
6578.0
-31138.0
33466.0
-32696.0
-28915.0
-44448.0
-26796.0
-21185.0
-4756.0
9293.0
6810.0
-2541.0
-7259.0
2772.0
-22077.0
-17954.0
29172.0
917.0
-4962.0
-50983.0
18978.0
-30259.0
14694.0
7010.0
14151.0
8351.0
-46232.0
4617.0
-482.0
-13795.0
-1992.0
-28809.0
-6031.0
-23122.0
43398.0
-24921.0
-18887.0
-37330.0
-18483.0
-13108.0
11974.0
-9221.0
-7446.0
-5801.0
-16473.0
-9717.0
-33579.0
-28367.0
23027.0
3844.0
-9387.0
-44886.0
-6574.0
-40439.0
7284.0
18646.0
18302.0
10988.0
-21156.0
-21890.0
-10289.0
-16061.0
7334.0
-9015.0
9666.0
-25810.0
19230.0
-21590.0
-29283.0
-40777.0
-24305.0
-7767.0
8413.0
736.0
-6245.0
1028.0
-12179.0
8108.0
-26450.0
-8173.0
15259.0
-13423.0
-19804.0
-27378.0
-6256.0
-23390.0
-17844.0
14710.0
31087.0
8290.0
-51447.0
-26225.0
-12941.0
-23664.0
15937.0
-13792.0
-13656.0
-20405.0
28727.0
-38229.0
-16495.0
-26847.0
-16343.0
-32794.0
15445.0
-11845.0
-6015.0
-13402.0
-18470.0
21310.0
-17988.0
-16405.0
6283.0
-5960.0
-14461.0
-24029.0
-16192.0
-24729.0
-13218.0
12415.0
4060.0
8260.0
-18185.0
-35457.0
8295.0
6816.0
-10360.0
-7935.0
11671.0
-37103.0
19288.0
-12052.0
-18778.0
-25894.0
-9095.0
-30745.0
-14821.0
4172.0
9341.0
-3631.0
-19656.0
23709.0
2282.0
-9892.0
29803.0
-6037.0
-5056.0
-4264.0
312.0
-37044.0
4232.0
6505.0
