0.0
37.0
121.0
0.0
1.0
73.0
0.0
255.0
0.0
158.0
0.0
0.0
44.0
0.0
7.0
4.0
0.0
120.0
87.0
160.0
220.0
0.0
0.0
11.0
0.0
0.0
117.0
0.0
0.0
52.0
11.0
5.0
0.0
127.0
143.0
91.0
16.0
114.0
0.0
178.0
0.0
116.0
0.0
0.0
92.0
0.0
65.0
4.0
0.0
0.0
155.0
200.0
139.0
11.0
0.0
0.0
0.0
0.0
74.0
0.0
0.0
0.0
40.0
57.0
0.0
60.0
88.0
85.0
33.0
73.0
0.0
204.0
0.0
126.0
0.0
0.0
53.0
0.0
116.0
0.0
0.0
0.0
122.0
138.0
137.0
6.0
0.0
0.0
0.0
0.0
122.0
0.0
0.0
0.0
79.0
95.0
0.0
68.0
167.0
116.0
0.0
84.0
0.0
255.0
112.0
60.0
0.0
0.0
63.0
0.0
80.0
0.0
0.0
0.0
144.0
169.0
72.0
0.0
0.0
0.0
0.0
1.0
39.0
0.0
0.0
1.0
148.0
142.0
0.0
98.0
255.0
125.0
16.0
76.0
0.0
253.0
45.0
31.0
0.0
0.0
36.0
0.0
46.0
0.0
0.0
0.0
126.0
175.0
102.0
0.0
0.0
2.0
0.0
0.0
122.0
19.0
0.0
16.0
12.0
152.0
0.0
16.0
129.0
38.0
0.0
108.0
0.0
255.0
18.0
58.0
0.0
0.0
98.0
0.0
23.0
0.0
0.0
35.0
120.0
115.0
95.0
0.0
0.0
0.0
0.0
0.0
41.0
0.0
0.0
2.0
104.0
134.0
7.0
112.0
138.0
0.0
0.0
102.0
0.0
255.0
0.0
159.0
0.0
0.0
137.0
0.0
77.0
0.0
0.0
14.0
106.0
144.0
102.0
6.0
0.0
0.0
0.0
7.0
119.0
0.0
0.0
0.0
0.0
72.0
0.0
0.0
255.0
99.0
127.0
145.0
0.0
255.0
84.0
36.0
0.0
28.0
102.0
39.0
24.0
6.0
0.0
23.0
255.0
138.0
98.0
83.0
0.0
36.0
0.0
0.0
139.0
0.0
0.0
0.0
62.0
69.0
