7757.0
42601.0
14675.0
-25374.0
1027.0
15605.0
-489.0
27992.0
16643.0
21094.0
11016.0
-7760.0
13139.0
14821.0
-438.0
5389.0
20946.0
-365.0
31759.0
-1405.0
-14757.0
24641.0
-689.0
44312.0
19438.0
48319.0
-21369.0
-15470.0
29853.0
18755.0
-12093.0
-6887.0
-19827.0
11668.0
-41941.0
8818.0
8500.0
12844.0
11714.0
48903.0
12659.0
48802.0
-27509.0
-8991.0
20526.0
-10667.0
8628.0
-20134.0
29299.0
20644.0
-37827.0
-18591.0
-17750.0
30819.0
26153.0
55272.0
21922.0
22063.0
5387.0
10247.0
15458.0
884.0
17878.0
-11105.0
28355.0
11045.0
5045.0
-3306.0
649.0
21191.0
2723.0
39869.0
27439.0
28160.0
-26807.0
-20578.0
20707.0
4985.0
3840.0
5249.0
29246.0
15249.0
-16492.0
-11016.0
-9442.0
23032.0
4439.0
47452.0
24765.0
40558.0
-10756.0
-5797.0
9817.0
-5137.0
10570.0
-161.0
23429.0
-14284.0
391.0
26707.0
1946.0
34237.0
-3088.0
42298.0
24383.0
42299.0
-12003.0
-16083.0
31078.0
-5771.0
6546.0
5424.0
-21603.0
-25803.0
8849.0
-3310.0
-12936.0
5798.0
20242.0
32498.0
44815.0
36911.0
5136.0
-4175.0
29973.0
7927.0
-5906.0
-12767.0
-3215.0
-8404.0
-6264.0
-1624.0
12008.0
24892.0
2423.0
41089.0
26497.0
32430.0
2233.0
-1447.0
24687.0
16977.0
2916.0
-14005.0
4451.0
27215.0
-26909.0
3722.0
16767.0
24325.0
15973.0
29050.0
10799.0
47720.0
600.0
14292.0
28771.0
92.0
3703.0
-24244.0
-17292.0
29208.0
-22475.0
-31274.0
9542.0
28788.0
22738.0
34742.0
21557.0
44480.0
20390.0
19908.0
26247.0
-4865.0
-21995.0
-37685.0
553.0
28352.0
-31737.0
-20284.0
8449.0
29619.0
27716.0
48952.0
24595.0
37726.0
-20191.0
2610.0
-2535.0
11513.0
-2501.0
-39612.0
19832.0
45654.0
-32068.0
-5607.0
2919.0
31734.0
9763.0
45725.0
13436.0
53148.0
-26848.0
-2151.0
-3950.0
-21686.0
-1880.0
-1009.0
14522.0
-15522.0
-18217.0
2845.0
6268.0
31376.0
18768.0
46592.0
21652.0
33437.0
2031.0
5178.0
35710.0
-1441.0
25993.0
-10276.0
-4817.0
12052.0
17253.0
-1273.0
566.0
21782.0
10740.0
34031.0
25166.0
22908.0
-12934.0
-489.0
29944.0
20869.0
-9710.0
-13876.0
13293.0
-18792.0
-33802.0
-8498.0
26470.0
17455.0
14410.0
39994.0
15251.0
7597.0
-4193.0
-9589.0
10716.0
-6035.0
17871.0
-5028.0
