-2887.0
-11680.0
22399.0
-40520.0
-39609.0
1258.0
9973.0
7140.0
2705.0
41385.0
16420.0
226.0
35095.0
-4935.0
8762.0
-22337.0
60.0
-15739.0
-16584.0
-15738.0
-14446.0
11056.0
11964.0
-999.0
9891.0
25463.0
-32218.0
-6569.0
35949.0
-25613.0
-25376.0
-24186.0
14637.0
-3363.0
-26850.0
-4122.0
-10991.0
17608.0
21588.0
52.0
18206.0
35841.0
-31450.0
22541.0
19199.0
-31684.0
-1746.0
-16611.0
41163.0
1902.0
-24678.0
-42116.0
-32459.0
19273.0
15272.0
-15279.0
8293.0
49031.0
20614.0
27215.0
35943.0
-26339.0
-13100.0
-18825.0
-5464.0
-21990.0
-12269.0
-3815.0
3019.0
15182.0
19213.0
-34855.0
7577.0
42580.0
-691.0
18313.0
64676.0
-15331.0
-16770.0
-18419.0
-21352.0
-2258.0
-26280.0
-36410.0
-10148.0
10107.0
23067.0
-20561.0
872.0
29694.0
-3209.0
19943.0
56376.0
2290.0
-26701.0
-26363.0
9622.0
46184.0
-9774.0
-25804.0
-12909.0
20090.0
21793.0
-1189.0
13420.0
60629.0
-9474.0
28832.0
5179.0
-10162.0
-26408.0
-27318.0
28133.0
20404.0
-66182.0
-34224.0
-4413.0
28090.0
24235.0
14501.0
11586.0
45737.0
3651.0
24448.0
10782.0
-45441.0
7426.0
-1710.0
33199.0
-5574.0
-18678.0
-9572.0
-15096.0
36103.0
18814.0
6542.0
17206.0
33148.0
9301.0
21616.0
23948.0
-26661.0
-15826.0
-25071.0
-7485.0
-48717.0
2813.0
31666.0
-21760.0
18798.0
18308.0
-431.0
15993.0
53221.0
-34187.0
4417.0
33357.0
-15607.0
-2050.0
-50123.0
9220.0
-16092.0
-52256.0
4340.0
-56094.0
8879.0
26400.0
-13595.0
480.0
53142.0
-41482.0
26334.0
57199.0
-48318.0
2355.0
-44769.0
-6017.0
298.0
-55818.0
-733.0
-29402.0
14279.0
20361.0
-8810.0
23586.0
15407.0
-10311.0
-8700.0
46189.0
-50227.0
-16687.0
-17654.0
7124.0
-7289.0
-8237.0
-17643.0
-34790.0
10515.0
27945.0
-13579.0
22398.0
44652.0
-36337.0
25181.0
44420.0
-47610.0
-11888.0
-24129.0
33243.0
-3395.0
-12792.0
-29672.0
-13978.0
11040.0
11546.0
6244.0
4546.0
43661.0
-12294.0
24307.0
20110.0
-18624.0
2691.0
7501.0
38689.0
17329.0
11848.0
-28355.0
-32623.0
15521.0
21298.0
822.0
28447.0
47227.0
1093.0
15917.0
22703.0
-29786.0
-8676.0
5745.0
-19160.0
-49161.0
-15128.0
11453.0
9803.0
17305.0
5062.0
-2122.0
25822.0
-8958.0
-21335.0
-17861.0
55254.0
-13443.0
3946.0
-5548.0
