35.0
240.0
117.0
0.0
76.0
0.0
0.0
199.0
18.0
0.0
84.0
0.0
4.0
229.0
183.0
246.0
138.0
0.0
250.0
0.0
0.0
38.0
0.0
255.0
40.0
139.0
0.0
0.0
134.0
255.0
92.0
150.0
0.0
0.0
0.0
15.0
135.0
0.0
0.0
255.0
0.0
143.0
0.0
0.0
62.0
29.0
254.0
47.0
203.0
69.0
0.0
0.0
0.0
86.0
8.0
255.0
59.0
0.0
40.0
0.0
22.0
120.0
255.0
118.0
195.0
0.0
42.0
0.0
74.0
11.0
0.0
255.0
103.0
0.0
0.0
0.0
63.0
152.0
216.0
245.0
202.0
27.0
0.0
0.0
0.0
25.0
0.0
255.0
82.0
78.0
0.0
0.0
0.0
73.0
255.0
203.0
157.0
0.0
5.0
155.0
84.0
113.0
0.0
255.0
79.0
92.0
0.0
0.0
144.0
68.0
237.0
247.0
0.0
0.0
71.0
0.0
0.0
0.0
0.0
234.0
238.0
50.0
38.0
0.0
135.0
175.0
140.0
105.0
0.0
0.0
0.0
0.0
162.0
40.0
0.0
255.0
95.0
15.0
15.0
0.0
94.0
245.0
209.0
95.0
9.0
120.0
0.0
0.0
199.0
35.0
0.0
207.0
0.0
134.0
2.0
0.0
126.0
114.0
215.0
15.0
0.0
136.0
0.0
0.0
143.0
70.0
0.0
252.0
57.0
109.0
157.0
0.0
106.0
75.0
14.0
0.0
0.0
129.0
0.0
0.0
134.0
77.0
20.0
255.0
80.0
56.0
0.0
0.0
0.0
203.0
167.0
0.0
129.0
255.0
0.0
0.0
91.0
93.0
0.0
255.0
0.0
176.0
0.0
0.0
0.0
0.0
171.0
196.0
87.0
0.0
0.0
0.0
117.0
90.0
0.0
255.0
57.0
23.0
13.0
0.0
180.0
102.0
255.0
124.0
0.0
2.0
137.0
0.0
73.0
16.0
0.0
246.0
85.0
0.0
0.0
0.0
135.0
255.0
110.0
96.0
78.0
0.0
0.0
0.0
255.0
0.0
0.0
255.0
7.0
0.0
0.0
0.0
0.0
66.0
255.0
165.0
