-32586.0
-19727.0
6850.0
10851.0
-2137.0
15323.0
12150.0
716.0
-14954.0
-4157.0
18223.0
5090.0
5570.0
-17843.0
3723.0
20345.0
-6905.0
-13919.0
-6349.0
-5192.0
-8567.0
1498.0
671.0
-8743.0
-1798.0
-15097.0
-25940.0
-43357.0
18518.0
-8003.0
6096.0
-19850.0
-30936.0
-25382.0
5880.0
602.0
-10871.0
5709.0
28609.0
2758.0
-19609.0
-8280.0
5580.0
-5517.0
3257.0
-9180.0
-9275.0
19227.0
-8551.0
-22692.0
-5767.0
-18982.0
-11537.0
-10696.0
-1456.0
-8985.0
-7826.0
-26657.0
-31285.0
-47029.0
22310.0
3056.0
2705.0
-2312.0
-32270.0
-24149.0
5306.0
6498.0
-9433.0
13780.0
33561.0
4756.0
-21891.0
-11999.0
4992.0
-618.0
6268.0
-9550.0
-5933.0
18724.0
-8582.0
-17964.0
-7366.0
-17939.0
-13701.0
-7846.0
789.0
-7987.0
-2577.0
-22883.0
-31290.0
-47795.0
19555.0
-3531.0
3724.0
-8780.0
-34090.0
-23737.0
6010.0
9616.0
-11909.0
11608.0
29448.0
5649.0
-22316.0
-15138.0
3743.0
-7895.0
3002.0
-11423.0
-5115.0
18462.0
-6746.0
-21235.0
-4226.0
-14818.0
-15161.0
-7871.0
2754.0
-7798.0
-9426.0
-23398.0
-30329.0
-41492.0
22341.0
3750.0
2739.0
-7519.0
-34630.0
-27459.0
6627.0
8816.0
-7238.0
15221.0
31596.0
8830.0
-19774.0
-14704.0
1855.0
-1384.0
5060.0
-9458.0
-6742.0
20602.0
-7163.0
-19309.0
-7484.0
-17139.0
-15503.0
-7564.0
-909.0
-8579.0
-6754.0
-20420.0
-31608.0
-42364.0
16286.0
-4275.0
4438.0
-7581.0
-32258.0
-25703.0
10663.0
8515.0
-11581.0
10191.0
28999.0
1502.0
-20074.0
-8413.0
3218.0
-2789.0
3326.0
-12823.0
-1435.0
16879.0
-8911.0
-18556.0
-3877.0
-14486.0
-15656.0
-645.0
-827.0
-3516.0
-6872.0
-20370.0
-26613.0
-42550.0
22507.0
-66.0
4116.0
-7617.0
-31431.0
-27713.0
7269.0
8066.0
-7431.0
7731.0
25713.0
7921.0
-18392.0
-6286.0
3093.0
-2745.0
4811.0
-10416.0
-5570.0
15424.0
-6550.0
-15835.0
-6752.0
-15674.0
-13837.0
-3649.0
-123.0
-10528.0
-7834.0
-23195.0
-33286.0
-43988.0
18886.0
479.0
-1059.0
-8005.0
-13914.0
-7720.0
-1545.0
7529.0
-1770.0
14473.0
32771.0
4257.0
-17211.0
-4541.0
-13799.0
2058.0
6119.0
-5147.0
4010.0
20975.0
-1246.0
-19383.0
-14535.0
-13563.0
-5173.0
-4341.0
-1334.0
-2716.0
3365.0
-15248.0
-20657.0
-26078.0
16008.0
1761.0
7524.0
-2254.0
