-38034.0
-13247.0
-307.0
10622.0
9112.0
13048.0
-15418.0
7881.0
-19895.0
-2379.0
-23741.0
-4989.0
5730.0
-12835.0
1285.0
9586.0
-1992.0
-13806.0
-42607.0
-69.0
-16215.0
14941.0
13830.0
-27597.0
-27086.0
-13680.0
-26677.0
-37807.0
29250.0
-13939.0
6679.0
-23155.0
-28075.0
-23459.0
-848.0
-13136.0
-1587.0
-12939.0
-7285.0
31205.0
-37437.0
-5935.0
-53518.0
-12881.0
7557.0
5380.0
-10568.0
12339.0
-6482.0
-20894.0
-43748.0
-10320.0
-7806.0
-5218.0
28511.0
-18856.0
-40275.0
-12526.0
-37505.0
-53736.0
21810.0
-19419.0
-7396.0
-8597.0
-32800.0
-18838.0
285.0
-6637.0
5493.0
-36.0
-13572.0
15489.0
-39164.0
-4379.0
-47780.0
-8988.0
8060.0
3989.0
-6436.0
16772.0
400.0
-15891.0
-43858.0
-10640.0
-7457.0
-1058.0
19273.0
-16565.0
-37719.0
-8118.0
-30592.0
-54131.0
24989.0
-24798.0
-6020.0
-7743.0
-34193.0
-22341.0
-695.0
-6622.0
3562.0
-3816.0
-10420.0
15082.0
-37229.0
-2944.0
-43673.0
-10819.0
6030.0
1509.0
-7605.0
18737.0
1098.0
-17736.0
-44782.0
-9618.0
-2891.0
-2433.0
22423.0
-19225.0
-38555.0
-7661.0
-31393.0
-53461.0
24314.0
-17530.0
-4713.0
-3552.0
-32315.0
-22471.0
-4064.0
-8389.0
3675.0
464.0
-4579.0
15138.0
-38632.0
-7620.0
-44231.0
-12344.0
8237.0
3838.0
-5586.0
18630.0
569.0
-18207.0
-52032.0
-6352.0
-4353.0
-548.0
20991.0
-21012.0
-34960.0
-7600.0
-31505.0
-52301.0
28954.0
-23813.0
-5839.0
-6616.0
-31872.0
-23077.0
-2945.0
-4414.0
3083.0
4388.0
-7161.0
13438.0
-36977.0
-11210.0
-43130.0
-9300.0
8345.0
-194.0
-4982.0
19481.0
-4212.0
-11261.0
-43939.0
-13184.0
-4765.0
-6.0
21711.0
-13232.0
-33430.0
-6850.0
-30968.0
-48770.0
26111.0
-19889.0
-4203.0
-8428.0
-33154.0
-21380.0
-5710.0
-9277.0
3135.0
-2150.0
-8267.0
22713.0
-36376.0
-6523.0
-46775.0
-14212.0
6911.0
2241.0
-6033.0
17847.0
3480.0
-12853.0
-52379.0
-6700.0
-3087.0
2365.0
21510.0
-25943.0
-32623.0
-13864.0
-36258.0
-51420.0
22938.0
-22997.0
-14222.0
-9052.0
-13945.0
-2663.0
-5525.0
-5954.0
6298.0
7161.0
11548.0
-1046.0
-30558.0
-13982.0
-40810.0
-3772.0
13058.0
266.0
1633.0
18709.0
3243.0
-17860.0
-46228.0
-775.0
15020.0
-7852.0
16791.0
-2098.0
-15653.0
-10722.0
-20028.0
-35890.0
18441.0
-14206.0
5257.0
-3931.0
