0.0
0.0
255.0
255.0
0.0
255.0
134.0
0.0
0.0
42.0
255.0
255.0
0.0
0.0
255.0
255.0
72.0
0.0
174.0
0.0
183.0
31.0
21.0
97.0
0.0
60.0
0.0
0.0
210.0
0.0
202.0
0.0
0.0
0.0
255.0
255.0
0.0
255.0
255.0
0.0
0.0
10.0
255.0
191.0
0.0
0.0
191.0
255.0
60.0
0.0
179.0
0.0
160.0
0.0
4.0
95.0
0.0
0.0
0.0
0.0
240.0
0.0
176.0
0.0
0.0
0.0
255.0
255.0
0.0
255.0
255.0
0.0
0.0
0.0
255.0
229.0
0.0
0.0
217.0
255.0
59.0
0.0
166.0
0.0
143.0
0.0
21.0
103.0
0.0
0.0
0.0
0.0
218.0
0.0
184.0
0.0
0.0
0.0
255.0
255.0
0.0
255.0
255.0
0.0
0.0
0.0
255.0
172.0
0.0
0.0
224.0
255.0
74.0
0.0
191.0
0.0
132.0
0.0
37.0
105.0
0.0
0.0
0.0
0.0
240.0
0.0
176.0
0.0
0.0
0.0
255.0
255.0
0.0
255.0
255.0
0.0
0.0
0.0
255.0
223.0
0.0
0.0
211.0
255.0
70.0
0.0
166.0
0.0
129.0
0.0
8.0
98.0
0.0
18.0
0.0
0.0
192.0
0.0
190.0
0.0
0.0
0.0
255.0
255.0
0.0
255.0
255.0
0.0
0.0
9.0
255.0
212.0
0.0
0.0
252.0
255.0
57.0
0.0
194.0
0.0
128.0
14.0
9.0
138.0
0.0
19.0
0.0
0.0
241.0
0.0
187.0
0.0
0.0
0.0
255.0
255.0
0.0
255.0
240.0
0.0
0.0
26.0
255.0
212.0
0.0
0.0
220.0
255.0
75.0
0.0
171.0
0.0
142.0
0.0
14.0
83.0
0.0
0.0
0.0
0.0
213.0
0.0
147.0
0.0
0.0
0.0
217.0
255.0
0.0
255.0
255.0
0.0
0.0
39.0
184.0
250.0
0.0
0.0
255.0
255.0
117.0
0.0
110.0
0.0
210.0
0.0
5.0
144.0
0.0
59.0
0.0
54.0
190.0
0.0
214.0
0.0
