-13659.0
-17148.0
17131.0
5707.0
-31874.0
-11152.0
-10326.0
-36935.0
12731.0
17682.0
-19486.0
-19014.0
-611.0
-7141.0
-13118.0
5037.0
-43456.0
-23384.0
-18534.0
-19161.0
16103.0
-17373.0
-17911.0
18266.0
-28746.0
-16114.0
-8632.0
-19762.0
12967.0
14686.0
-17456.0
13525.0
-48418.0
-33412.0
23439.0
-21125.0
-21056.0
-20395.0
-2569.0
-37973.0
19106.0
-9023.0
-34506.0
-17047.0
74.0
-20061.0
-28620.0
29145.0
-35223.0
-28444.0
-37308.0
-27335.0
-40343.0
-20392.0
-10418.0
18660.0
-20057.0
2536.0
-23515.0
-20515.0
6499.0
36370.0
-41407.0
17659.0
-39727.0
-29622.0
34212.0
-9739.0
-20653.0
-17174.0
-5991.0
-49477.0
29241.0
4008.0
-37264.0
-18252.0
-7900.0
-18173.0
-18193.0
17750.0
-42767.0
-34309.0
-43853.0
-25016.0
-23007.0
-16983.0
-13782.0
1987.0
-27782.0
194.0
-20536.0
1266.0
8522.0
31243.0
-34940.0
16998.0
-41280.0
-29709.0
28083.0
-13285.0
-18801.0
-20715.0
-7427.0
-48473.0
25374.0
2817.0
-32652.0
-16529.0
-2712.0
-17264.0
-19551.0
18422.0
-40859.0
-33449.0
-42699.0
-26517.0
-31896.0
-18293.0
-13119.0
8737.0
-29539.0
-46.0
-18901.0
-1892.0
4747.0
31200.0
-34394.0
18562.0
-39241.0
-28686.0
30680.0
-14021.0
-16892.0
-18615.0
-6993.0
-46854.0
26139.0
4034.0
-32215.0
-16608.0
-3584.0
-17545.0
-20865.0
16350.0
-40554.0
-33180.0
-43370.0
-25592.0
-31228.0
-17801.0
-14768.0
6852.0
-29634.0
-50.0
-20851.0
-124.0
7157.0
30476.0
-35978.0
20041.0
-42037.0
-29194.0
31356.0
-12352.0
-19232.0
-23041.0
-4160.0
-43586.0
26267.0
697.0
-37715.0
-20774.0
-4718.0
-14867.0
-18454.0
17512.0
-40797.0
-35601.0
-43648.0
-24105.0
-38168.0
-19253.0
-17585.0
8840.0
-30857.0
-2962.0
-20339.0
-51.0
5575.0
31414.0
-34414.0
20678.0
-35088.0
-31440.0
19754.0
-16817.0
-2231.0
-27297.0
-9349.0
-47311.0
27523.0
-3474.0
-25446.0
-21452.0
-1314.0
-19394.0
-10110.0
28781.0
-36415.0
-48239.0
-44875.0
-24797.0
-34469.0
-24607.0
-4644.0
-1477.0
-32477.0
2139.0
-18471.0
-15257.0
10232.0
33704.0
-41176.0
23055.0
-20929.0
-15502.0
19941.0
1654.0
8916.0
-19765.0
323.0
-25145.0
22993.0
18263.0
-32156.0
3697.0
8186.0
-15422.0
-1847.0
22712.0
-32005.0
-26995.0
-28498.0
-28735.0
-35320.0
-9144.0
19219.0
-9333.0
-21578.0
-19714.0
-15735.0
27803.0
3147.0
17532.0
-24147.0
-6325.0
