9870.0
1638.0
-3918.0
-5186.0
-38512.0
-24591.0
-19456.0
-6268.0
9570.0
-2147.0
-9373.0
-34365.0
553.0
14411.0
-7892.0
-253.0
-23564.0
-21855.0
-8649.0
-13290.0
-869.0
-16559.0
-13515.0
-4273.0
-20930.0
-17845.0
-1803.0
-5833.0
-5713.0
23420.0
-13411.0
8443.0
1539.0
-9511.0
-12149.0
-19813.0
-33772.0
-22112.0
-18235.0
4850.0
11220.0
-22908.0
-14096.0
-43248.0
4061.0
18093.0
-7406.0
12010.0
-11393.0
-36553.0
-21936.0
-21558.0
-33636.0
-27422.0
-8908.0
-12457.0
-17703.0
-12574.0
-9721.0
-9944.0
-9521.0
20904.0
-24437.0
5690.0
3694.0
417.0
-12267.0
-13213.0
-35494.0
-24908.0
-21634.0
7192.0
16482.0
-12782.0
-23765.0
-42776.0
1522.0
20913.0
-7919.0
4681.0
-11339.0
-41652.0
-29011.0
-27757.0
-29208.0
-23177.0
-14637.0
-17539.0
-16618.0
-12396.0
-6490.0
-4956.0
-6935.0
19288.0
-8931.0
5863.0
2721.0
-1662.0
-10974.0
-15421.0
-35284.0
-22515.0
-18932.0
9198.0
16595.0
-14910.0
-19171.0
-46118.0
3296.0
21662.0
-8844.0
4471.0
-8682.0
-39465.0
-26076.0
-25964.0
-32205.0
-24353.0
-10092.0
-15121.0
-17778.0
-10106.0
-5389.0
-6170.0
-8064.0
18064.0
-13076.0
4366.0
2880.0
-53.0
-9796.0
-14254.0
-32201.0
-24747.0
-21122.0
9263.0
16534.0
-13825.0
-18866.0
-45533.0
2791.0
20253.0
-7852.0
6882.0
-11001.0
-39925.0
-26020.0
-25549.0
-32521.0
-23631.0
-10660.0
-19687.0
-14853.0
-10330.0
-5986.0
-4110.0
-9719.0
17691.0
-11051.0
4977.0
3418.0
-1696.0
-9876.0
-15938.0
-37588.0
-22618.0
-18106.0
7423.0
17877.0
-13698.0
-22980.0
-46215.0
335.0
21102.0
-8170.0
3760.0
-7049.0
-39661.0
-26686.0
-23987.0
-36131.0
-26225.0
-15140.0
-16388.0
-16047.0
-10026.0
-5934.0
-3827.0
-9498.0
17064.0
-14528.0
5198.0
5073.0
-2701.0
-13158.0
-15608.0
-22151.0
-30953.0
-19582.0
2212.0
21236.0
-17415.0
-9546.0
-49725.0
4145.0
17840.0
-3122.0
15196.0
-3649.0
-47919.0
-28707.0
-30190.0
-34496.0
-23180.0
-9067.0
-23355.0
-18600.0
-14137.0
-5179.0
-16943.0
-12829.0
14365.0
-18652.0
16406.0
-1899.0
-3974.0
-7144.0
2093.0
-10246.0
-19902.0
-7504.0
11462.0
8372.0
6972.0
-16646.0
-19787.0
3420.0
5994.0
1352.0
7386.0
-11801.0
-34643.0
-28026.0
-26166.0
-21923.0
-17767.0
8777.0
-12623.0
-1387.0
-17398.0
-4057.0
19964.0
-9089.0
6370.0
-11022.0
-7585.0
