255.0
0.0
47.0
0.0
0.0
0.0
0.0
162.0
0.0
137.0
252.0
57.0
76.0
255.0
0.0
0.0
20.0
5.0
2.0
0.0
209.0
0.0
0.0
0.0
245.0
0.0
138.0
0.0
0.0
0.0
0.0
0.0
255.0
0.0
0.0
0.0
0.0
0.0
0.0
249.0
0.0
0.0
215.0
0.0
104.0
255.0
0.0
0.0
115.0
0.0
0.0
0.0
0.0
0.0
27.0
0.0
255.0
0.0
76.0
0.0
0.0
0.0
0.0
0.0
255.0
0.0
0.0
0.0
0.0
0.0
0.0
255.0
0.0
54.0
140.0
0.0
84.0
255.0
0.0
0.0
115.0
0.0
0.0
0.0
0.0
0.0
0.0
0.0
255.0
0.0
101.0
0.0
0.0
0.0
27.0
0.0
255.0
0.0
0.0
0.0
0.0
0.0
0.0
255.0
0.0
37.0
176.0
0.0
98.0
255.0
0.0
0.0
136.0
0.0
0.0
0.0
0.0
0.0
18.0
0.0
255.0
0.0
110.0
0.0
0.0
0.0
0.0
0.0
255.0
0.0
1.0
0.0
0.0
0.0
0.0
255.0
0.0
46.0
178.0
0.0
94.0
255.0
0.0
0.0
118.0
0.0
0.0
0.0
0.0
0.0
13.0
0.0
255.0
0.0
105.0
0.0
0.0
0.0
10.0
0.0
255.0
0.0
1.0
0.0
0.0
0.0
0.0
255.0
0.0
47.0
146.0
0.0
75.0
255.0
0.0
0.0
149.0
0.0
0.0
0.0
0.0
0.0
0.0
0.0
255.0
0.0
105.0
0.0
0.0
0.0
0.0
0.0
255.0
0.0
0.0
0.0
15.0
0.0
0.0
228.0
0.0
18.0
251.0
0.0
105.0
255.0
32.0
0.0
175.0
0.0
0.0
0.0
0.0
0.0
26.0
0.0
255.0
0.0
111.0
0.0
0.0
0.0
0.0
0.0
255.0
0.0
22.0
0.0
108.0
0.0
76.0
255.0
0.0
208.0
195.0
171.0
99.0
255.0
67.0
0.0
112.0
0.0
0.0
0.0
44.0
0.0
165.0
0.0
255.0
0.0
120.0
0.0
0.0
0.0
11.0
0.0
