3423.0
6648.0
12107.0
5927.0
-3528.0
3601.0
34790.0
-9800.0
-16171.0
5645.0
30155.0
2892.0
5418.0
-16041.0
19519.0
-33212.0
-6789.0
27286.0
27115.0
12154.0
20073.0
-2359.0
33582.0
4364.0
-20885.0
19688.0
13780.0
20455.0
5303.0
15409.0
39984.0
-22170.0
-24001.0
11156.0
29502.0
10477.0
12594.0
13299.0
35995.0
-31488.0
-11325.0
24285.0
8441.0
13463.0
5508.0
-6267.0
66084.0
1792.0
-40090.0
20296.0
6513.0
11437.0
20066.0
2695.0
48011.0
-6825.0
-36668.0
10226.0
6597.0
9586.0
7114.0
-5079.0
32986.0
-25765.0
-521.0
9971.0
29836.0
12804.0
5385.0
14210.0
-3766.0
-25813.0
-4977.0
5842.0
40177.0
7539.0
6610.0
8528.0
11241.0
-36449.0
5323.0
16130.0
39761.0
19751.0
362.0
16585.0
15750.0
-35320.0
2618.0
4385.0
53548.0
7969.0
9755.0
10154.0
-23972.0
-43676.0
-1008.0
21266.0
32698.0
12121.0
14267.0
8821.0
36151.0
-7219.0
-17400.0
22812.0
4607.0
14204.0
6371.0
-2464.0
60164.0
-626.0
-11899.0
10987.0
26144.0
16186.0
2173.0
13809.0
13905.0
-35632.0
851.0
10044.0
44864.0
9043.0
8445.0
9391.0
14992.0
-31828.0
