8012.0
-7017.0
-429.0
14105.0
780.0
11379.0
37960.0
-20297.0
-30112.0
-4014.0
31705.0
5713.0
27338.0
2834.0
17836.0
-5001.0
5406.0
32651.0
-5903.0
22960.0
9738.0
34526.0
-1149.0
33807.0
-16128.0
2559.0
4839.0
14421.0
13271.0
21167.0
28975.0
-10065.0
-3467.0
5524.0
5203.0
7062.0
10497.0
-3497.0
-1822.0
-712.0
14331.0
6272.0
12636.0
19688.0
16057.0
18372.0
2866.0
-1427.0
6153.0
12778.0
49863.0
9423.0
6687.0
13765.0
-24877.0
-33505.0
-3461.0
14476.0
33225.0
9842.0
20520.0
-2415.0
30615.0
11992.0
-29086.0
14182.0
8623.0
15821.0
15935.0
17945.0
16849.0
-2256.0
-11184.0
9157.0
-6053.0
8415.0
21382.0
3929.0
13377.0
29807.0
-17384.0
9222.0
-19303.0
12889.0
21727.0
841.0
59343.0
38105.0
-5554.0
29501.0
1224.0
20778.0
10533.0
18070.0
38455.0
43485.0
12701.0
11964.0
-2260.0
14365.0
7169.0
17294.0
-26561.0
8432.0
10609.0
11609.0
13530.0
21792.0
17748.0
36927.0
20672.0
2686.0
-15451.0
-205.0
4384.0
10000.0
8960.0
4494.0
37887.0
190.0
-5644.0
14350.0
5356.0
24282.0
16855.0
38039.0
10363.0
6497.0
