9384.0
-7981.0
-329.0
12971.0
-551.0
10125.0
36698.0
-20595.0
-28740.0
-4978.0
31805.0
4579.0
26007.0
1580.0
16574.0
-5299.0
6778.0
31687.0
-5803.0
21826.0
8407.0
33272.0
-2411.0
33509.0
-14756.0
1595.0
4939.0
13287.0
11940.0
19913.0
27713.0
-10363.0
-2095.0
4560.0
5303.0
5928.0
9166.0
-4751.0
-3084.0
-1010.0
15703.0
5308.0
12736.0
18554.0
14726.0
17118.0
1604.0
-1725.0
7525.0
11814.0
49963.0
8289.0
5356.0
12511.0
-26139.0
-33803.0
-2089.0
13512.0
33325.0
8708.0
19189.0
-3669.0
29353.0
11694.0
-27714.0
13218.0
8723.0
14687.0
14604.0
16691.0
15587.0
-2554.0
-9812.0
8193.0
-5953.0
7281.0
20051.0
2675.0
12115.0
29509.0
-16012.0
8258.0
-19203.0
11755.0
20396.0
-413.0
58081.0
37807.0
-4182.0
28537.0
1324.0
19644.0
9202.0
16816.0
37193.0
43187.0
14073.0
11000.0
-2160.0
13231.0
5838.0
16040.0
-27823.0
8134.0
11981.0
10645.0
13630.0
20658.0
16417.0
35673.0
19410.0
2388.0
-14079.0
-1169.0
4484.0
8866.0
7629.0
3240.0
36625.0
-108.0
-4272.0
13386.0
5456.0
23148.0
15524.0
36785.0
9101.0
6199.0
