4795.0
5684.0
12207.0
4793.0
-4859.0
2347.0
33528.0
-10098.0
-14799.0
4681.0
30255.0
1758.0
4087.0
-17295.0
18257.0
-33510.0
-5417.0
26322.0
27215.0
11020.0
18742.0
-3613.0
32320.0
4066.0
-19513.0
18724.0
13880.0
19321.0
3972.0
14155.0
38722.0
-22468.0
-22629.0
10192.0
29602.0
9343.0
11263.0
12045.0
34733.0
-31786.0
-9953.0
23321.0
8541.0
12329.0
4177.0
-7521.0
64822.0
1494.0
-38718.0
19332.0
6613.0
10303.0
18735.0
1441.0
46749.0
-7123.0
-35296.0
9262.0
6697.0
8452.0
5783.0
-6333.0
31724.0
-26063.0
851.0
9007.0
29936.0
11670.0
4054.0
12956.0
-5028.0
-26111.0
-3605.0
4878.0
40277.0
6405.0
5279.0
7274.0
9979.0
-36747.0
6695.0
15166.0
39861.0
18617.0
-969.0
15331.0
14488.0
-35618.0
3990.0
3421.0
53648.0
6835.0
8424.0
8900.0
-25234.0
-43974.0
364.0
20302.0
32798.0
10987.0
12936.0
7567.0
34889.0
-7517.0
-16028.0
21848.0
4707.0
13070.0
5040.0
-3718.0
58902.0
-924.0
-10527.0
10023.0
26244.0
15052.0
842.0
12555.0
12643.0
-35930.0
2223.0
9080.0
44964.0
7909.0
7114.0
8137.0
13730.0
-32126.0
