37.0
44.0
95.0
37.0
0.0
18.0
255.0
0.0
0.0
36.0
236.0
13.0
31.0
0.0
142.0
0.0
0.0
205.0
212.0
86.0
146.0
0.0
252.0
31.0
0.0
146.0
108.0
150.0
31.0
110.0
255.0
0.0
0.0
79.0
231.0
72.0
87.0
94.0
255.0
0.0
0.0
182.0
66.0
96.0
32.0
0.0
255.0
11.0
0.0
151.0
51.0
80.0
146.0
11.0
255.0
0.0
0.0
72.0
52.0
66.0
45.0
0.0
247.0
0.0
6.0
70.0
233.0
91.0
31.0
101.0
0.0
0.0
0.0
38.0
255.0
50.0
41.0
56.0
77.0
0.0
52.0
118.0
255.0
145.0
0.0
119.0
113.0
0.0
31.0
26.0
255.0
53.0
65.0
69.0
0.0
0.0
2.0
158.0
255.0
85.0
101.0
59.0
255.0
0.0
0.0
170.0
36.0
102.0
39.0
0.0
255.0
0.0
0.0
78.0
205.0
117.0
6.0
98.0
98.0
0.0
17.0
70.0
255.0
61.0
55.0
63.0
107.0
0.0
