728.0
-5948.0
-11468.0
-6789.0
-9972.0
-5981.0
-19049.0
-4519.0
-14579.0
21450.0
3530.0
-2304.0
-9910.0
-855.0
-4016.0
70.0
2889.0
-8689.0
-3629.0
-17143.0
18121.0
-10244.0
5959.0
-17958.0
3866.0
-8971.0
8117.0
3324.0
-2421.0
-12071.0
-26084.0
-11035.0
5691.0
-12523.0
-9301.0
-22698.0
-21090.0
-4762.0
-10944.0
-2939.0
-16884.0
18460.0
-1715.0
-8738.0
-12907.0
14985.0
946.0
10808.0
-528.0
-8382.0
8627.0
-11230.0
7518.0
-3217.0
-16501.0
-8969.0
7374.0
-6002.0
16734.0
-13403.0
-15257.0
-5349.0
-8523.0
13276.0
-6097.0
-7197.0
-689.0
-18077.0
-9724.0
-14781.0
-18489.0
12239.0
-20428.0
9202.0
8827.0
-7438.0
-15145.0
-10413.0
-12166.0
14210.0
-5338.0
-165.0
8512.0
-7423.0
8378.0
-7585.0
-9025.0
-8978.0
8789.0
-6470.0
17261.0
-10120.0
-26417.0
-6642.0
-17853.0
6349.0
-15745.0
-7730.0
-11178.0
-13016.0
-19149.0
-24853.0
-21144.0
-14098.0
-18755.0
39770.0
-4071.0
-5413.0
-28115.0
-971.0
-4888.0
6342.0
20805.0
1054.0
1952.0
-18182.0
9217.0
-22438.0
1121.0
-4523.0
3110.0
-10848.0
18153.0
-758.0
-19831.0
-6721.0
-23250.0
-2363.0
-9774.0
-10144.0
-5907.0
-12942.0
-9187.0
-13372.0
-29674.0
-12465.0
-18474.0
17947.0
5025.0
-16398.0
-23184.0
2710.0
-8126.0
-396.0
5554.0
-4969.0
16950.0
-4758.0
26752.0
-18111.0
6744.0
-6893.0
1671.0
-13670.0
14900.0
-1318.0
-7470.0
-9823.0
-34263.0
-1232.0
4413.0
1666.0
-16221.0
-12818.0
-20051.0
-1186.0
-24311.0
-8970.0
-9998.0
18448.0
3272.0
-7740.0
-12506.0
8034.0
-4154.0
501.0
3438.0
-3205.0
16373.0
-10937.0
13156.0
-21494.0
-11879.0
-3643.0
11589.0
-2895.0
25033.0
-5561.0
-23077.0
-9075.0
-26278.0
-8900.0
5861.0
-11814.0
-20758.0
-25993.0
-25127.0
-18747.0
-33802.0
5371.0
-23047.0
3731.0
6332.0
-14198.0
-11720.0
415.0
-2183.0
-7645.0
-628.0
-22933.0
-100.0
-14715.0
4340.0
-13754.0
-9360.0
-13936.0
4043.0
-22191.0
14917.0
-5827.0
-11549.0
-8499.0
-41117.0
12693.0
-1491.0
-10574.0
7132.0
-10569.0
-13343.0
-9978.0
-18045.0
-6904.0
-9082.0
1680.0
2129.0
-7344.0
-22179.0
-1002.0
4790.0
6041.0
-12543.0
7620.0
7001.0
-10816.0
-2223.0
5119.0
-7360.0
1201.0
12865.0
2939.0
2781.0
-10173.0
-6687.0
-8279.0
-20021.0
3070.0
