-11663.0
1238.0
6233.0
-22702.0
-14554.0
-14664.0
-21236.0
-28689.0
-23004.0
23928.0
-4290.0
-7307.0
-12112.0
16697.0
-7087.0
-18163.0
-2872.0
5372.0
-498.0
-7204.0
10567.0
-3369.0
5333.0
-9741.0
-803.0
-5042.0
10834.0
-6176.0
-17446.0
-19617.0
-11813.0
-11967.0
-12078.0
-4832.0
-7836.0
-24749.0
-30260.0
-15955.0
-14739.0
-9107.0
-16915.0
-662.0
-1764.0
-22077.0
4688.0
-10424.0
-20845.0
10023.0
6291.0
6077.0
15365.0
-10534.0
-17746.0
14787.0
-8294.0
-21759.0
24912.0
-2211.0
36112.0
-24701.0
-30935.0
-9594.0
-16420.0
-5416.0
-22508.0
-266.0
9179.0
-17511.0
-21706.0
-11712.0
-14148.0
-16972.0
-24583.0
-12080.0
4958.0
-28980.0
-1645.0
-19983.0
-20633.0
113.0
-5748.0
8355.0
4243.0
-19558.0
3755.0
2335.0
-8584.0
-12549.0
11729.0
7734.0
17796.0
-33306.0
-26788.0
-925.0
-22081.0
-14476.0
-21161.0
7959.0
-16700.0
-14687.0
-13745.0
-20202.0
1011.0
-43799.0
-2479.0
23724.0
-851.0
-4918.0
-21351.0
-7042.0
-9470.0
5797.0
-8945.0
5417.0
4235.0
-26264.0
-10859.0
2551.0
-4218.0
-4297.0
15751.0
1322.0
33642.0
-16074.0
-28782.0
-11472.0
-12072.0
-1477.0
-6296.0
-903.0
-14987.0
-22144.0
-7706.0
-15998.0
-13952.0
-24578.0
-11411.0
-2359.0
12454.0
-17946.0
-22398.0
3510.0
1416.0
3042.0
3810.0
10090.0
3149.0
-17579.0
-1670.0
12273.0
-2693.0
-8056.0
25806.0
32734.0
32919.0
-21808.0
-24721.0
-5781.0
-3783.0
-8179.0
-13757.0
-3871.0
-21233.0
-23080.0
-14549.0
-16228.0
-17760.0
-16864.0
5529.0
2493.0
362.0
-18870.0
-17544.0
-18290.0
-7604.0
18465.0
13696.0
-6002.0
20543.0
-2501.0
10611.0
12129.0
-1596.0
-15863.0
12181.0
7915.0
16907.0
-23751.0
-20614.0
7078.0
-11400.0
9507.0
-22201.0
-5215.0
-17379.0
-28827.0
-17289.0
-20814.0
-27654.0
-17330.0
-16575.0
31910.0
10610.0
-23374.0
-9655.0
-4657.0
8140.0
19263.0
-10942.0
11027.0
15376.0
-10937.0
-3378.0
12171.0
7594.0
-2985.0
-6576.0
6887.0
23483.0
-11633.0
-31539.0
-10923.0
-6189.0
-16511.0
-5195.0
2239.0
240.0
-14097.0
-13456.0
-11124.0
-15323.0
-32484.0
-10187.0
-4128.0
1879.0
-10574.0
-4092.0
10023.0
-13713.0
15250.0
-14073.0
15680.0
251.0
-12506.0
-4098.0
7102.0
-4840.0
-2525.0
10314.0
3354.0
8383.0
-5547.0
-29283.0
-13105.0
-7093.0
-5764.0
