54.0
0.0
0.0
255.0
245.0
0.0
70.0
127.0
0.0
5.0
0.0
244.0
150.0
44.0
174.0
64.0
255.0
0.0
34.0
93.0
176.0
0.0
14.0
0.0
0.0
0.0
0.0
239.0
193.0
0.0
0.0
0.0
92.0
0.0
0.0
201.0
158.0
0.0
133.0
139.0
0.0
0.0
0.0
194.0
126.0
168.0
213.0
148.0
229.0
0.0
130.0
139.0
93.0
11.0
0.0
28.0
0.0
0.0
0.0
108.0
93.0
0.0
0.0
175.0
0.0
0.0
0.0
237.0
247.0
0.0
74.0
255.0
0.0
0.0
33.0
204.0
109.0
0.0
111.0
175.0
191.0
11.0
129.0
169.0
100.0
0.0
0.0
28.0
0.0
0.0
0.0
134.0
6.0
0.0
0.0
121.0
0.0
0.0
0.0
255.0
173.0
0.0
53.0
52.0
0.0
148.0
0.0
220.0
8.0
43.0
168.0
113.0
255.0
20.0
78.0
85.0
106.0
0.0
0.0
63.0
0.0
0.0
0.0
207.0
57.0
0.0
0.0
53.0
0.0
0.0
0.0
255.0
251.0
0.0
0.0
65.0
0.0
0.0
3.0
134.0
46.0
72.0
142.0
61.0
255.0
0.0
195.0
190.0
243.0
0.0
20.0
44.0
0.0
0.0
0.0
203.0
154.0
0.0
0.0
62.0
82.0
0.0
0.0
255.0
166.0
0.0
29.0
92.0
25.0
0.0
0.0
202.0
130.0
114.0
173.0
68.0
255.0
0.0
191.0
142.0
137.0
0.0
0.0
69.0
0.0
0.0
0.0
170.0
32.0
0.0
0.0
2.0
94.0
0.0
0.0
175.0
127.0
0.0
0.0
204.0
0.0
0.0
14.0
151.0
136.0
54.0
189.0
4.0
228.0
0.0
62.0
112.0
68.0
0.0
0.0
0.0
0.0
0.0
0.0
168.0
122.0
0.0
0.0
171.0
36.0
0.0
0.0
255.0
219.0
0.0
78.0
108.0
32.0
0.0
0.0
205.0
54.0
43.0
243.0
111.0
135.0
72.0
117.0
143.0
17.0
77.0
0.0
107.0
0.0
26.0
0.0
134.0
160.0
0.0
0.0
96.0
