-9508.0
12958.0
-20676.0
1293.0
-12316.0
7287.0
11371.0
1252.0
8006.0
-2067.0
550.0
13807.0
-5665.0
-5013.0
17923.0
5307.0
-12359.0
21154.0
-22820.0
4422.0
-21849.0
18440.0
-28310.0
3450.0
14595.0
-65.0
-1072.0
9420.0
-19258.0
10556.0
21472.0
7908.0
-12406.0
26661.0
-24407.0
13882.0
-27192.0
14417.0
-19308.0
3470.0
11505.0
-3238.0
4492.0
10211.0
-18370.0
988.0
20859.0
1633.0
-16503.0
24404.0
-20462.0
13095.0
-27294.0
15294.0
-18844.0
3106.0
12708.0
2537.0
4817.0
12277.0
-18804.0
2135.0
21019.0
966.0
-14482.0
24623.0
-21576.0
12645.0
-26391.0
14169.0
-18352.0
2864.0
12133.0
1261.0
3967.0
13108.0
-19158.0
1140.0
20067.0
864.0
-19933.0
23972.0
-21452.0
16395.0
-26480.0
15194.0
-19587.0
4923.0
13475.0
-3226.0
5089.0
6962.0
-17069.0
2203.0
23342.0
4034.0
-23809.0
23518.0
-28411.0
11308.0
-33752.0
22450.0
-20824.0
6744.0
4190.0
-883.0
5179.0
9194.0
-9059.0
8536.0
24230.0
9964.0
4246.0
26954.0
-15178.0
-3679.0
-20401.0
7171.0
-10868.0
-2069.0
-4500.0
-565.0
-7997.0
5558.0
-7622.0
251.0
11306.0
5424.0
