15992.0
-11825.0
-15419.0
-25042.0
1684.0
-8071.0
20400.0
-3122.0
-19575.0
-9672.0
-10991.0
20682.0
11544.0
-9990.0
-304.0
5060.0
7593.0
-21387.0
-11751.0
-53163.0
-7375.0
8444.0
-25552.0
8276.0
-29891.0
-6615.0
-13177.0
10972.0
-117.0
6029.0
-12192.0
13290.0
13564.0
-12624.0
-14131.0
-48149.0
-3855.0
8741.0
-14353.0
2977.0
-34397.0
-12235.0
-2194.0
7071.0
3297.0
6263.0
-12575.0
7019.0
12764.0
-12752.0
-12051.0
-42060.0
-4993.0
4189.0
-12923.0
2341.0
-33948.0
-7668.0
-6178.0
12693.0
795.0
5729.0
-12893.0
6002.0
13102.0
-12479.0
-13176.0
-43110.0
-4931.0
5867.0
-12775.0
1704.0
-36622.0
-8947.0
-6201.0
11721.0
-950.0
6569.0
-13010.0
6832.0
9901.0
-14649.0
-13611.0
-39089.0
-5646.0
5334.0
-14270.0
2828.0
-32412.0
-11359.0
-3756.0
5125.0
4416.0
5724.0
-9231.0
9240.0
5342.0
-12647.0
-15685.0
-41376.0
-18114.0
11036.0
-19161.0
9893.0
-48034.0
-19973.0
-2105.0
1298.0
9135.0
16176.0
-5802.0
8306.0
25938.0
15198.0
-10151.0
-42670.0
-13152.0
3663.0
-9383.0
-2974.0
-43987.0
-6752.0
-17984.0
-5004.0
-7325.0
4012.0
-8639.0
10977.0
