106.0
255.0
0.0
175.0
0.0
212.0
255.0
0.0
255.0
213.0
0.0
255.0
0.0
9.0
85.0
0.0
84.0
255.0
0.0
200.0
0.0
255.0
0.0
0.0
255.0
228.0
0.0
255.0
0.0
131.0
112.0
0.0
84.0
255.0
0.0
255.0
0.0
255.0
59.0
0.0
255.0
203.0
16.0
255.0
0.0
56.0
108.0
0.0
52.0
255.0
0.0
255.0
0.0
255.0
62.0
0.0
255.0
248.0
18.0
255.0
0.0
65.0
109.0
0.0
67.0
255.0
0.0
255.0
0.0
255.0
66.0
0.0
255.0
239.0
12.0
255.0
0.0
57.0
101.0
0.0
25.0
255.0
0.0
255.0
0.0
255.0
57.0
0.0
255.0
203.0
21.0
255.0
0.0
65.0
127.0
0.0
0.0
255.0
0.0
253.0
0.0
255.0
47.0
0.0
255.0
222.0
21.0
255.0
0.0
115.0
134.0
13.0
214.0
255.0
0.0
136.0
0.0
211.0
125.0
0.0
210.0
224.0
0.0
252.0
0.0
50.0
33.0
0.0
