-9381.0
-2676.0
-10988.0
-3523.0
32111.0
-4639.0
-21223.0
-16537.0
-3818.0
8844.0
16370.0
2612.0
-26244.0
-30957.0
-9733.0
-11381.0
3621.0
9749.0
-347.0
-10863.0
6130.0
-39610.0
2864.0
-14571.0
3637.0
-29529.0
-15253.0
-15356.0
-18019.0
-12975.0
-14414.0
-19433.0
-26964.0
23016.0
-9784.0
-5050.0
-12191.0
1388.0
-47126.0
-7456.0
-23283.0
7682.0
-18070.0
18899.0
8488.0
-38624.0
7033.0
-18402.0
16504.0
26119.0
42580.0
-12981.0
23985.0
9265.0
-33890.0
-35352.0
48814.0
10193.0
-36485.0
-39971.0
-4635.0
-11729.0
-19845.0
17419.0
-16287.0
-14711.0
-4602.0
11440.0
5941.0
1368.0
-32271.0
-22894.0
-21604.0
-21830.0
33390.0
32872.0
-11615.0
-22623.0
-17598.0
-13280.0
-11396.0
-587.0
15273.0
-13073.0
8329.0
-20852.0
-3631.0
-16770.0
20795.0
-9823.0
-8432.0
-12933.0
-7280.0
-12122.0
-40093.0
6592.0
-30954.0
6858.0
-13907.0
-1455.0
-6884.0
-26362.0
-23649.0
10251.0
-26489.0
10857.0
1268.0
25782.0
-173.0
-703.0
-7923.0
-10934.0
29236.0
-24669.0
9081.0
-7145.0
-15379.0
-21495.0
-20962.0
-10971.0
30000.0
-19987.0
-14676.0
-37110.0
-29154.0
-3512.0
-15616.0
15030.0
-17385.0
-6180.0
10603.0
-1213.0
27894.0
-36057.0
1270.0
-17032.0
-4241.0
-9455.0
15568.0
4511.0
22247.0
-19391.0
-294.0
-15525.0
-8553.0
-16312.0
6859.0
-2863.0
18560.0
11840.0
4869.0
-15947.0
28132.0
-14281.0
-15211.0
2292.0
2159.0
-25244.0
-29418.0
-15877.0
-31130.0
-21235.0
-35851.0
4389.0
-18584.0
-3072.0
1440.0
-12521.0
-5147.0
1922.0
-20607.0
-22034.0
9130.0
-9160.0
7921.0
-7935.0
-12017.0
-15561.0
-15914.0
-4887.0
4959.0
-12533.0
-17174.0
-21760.0
13180.0
-11239.0
-146.0
-38062.0
2874.0
-4210.0
-22705.0
-17132.0
-21222.0
-7981.0
-14842.0
-12084.0
-6930.0
-18166.0
-33083.0
-13781.0
-28643.0
12636.0
28859.0
33769.0
10565.0
-9143.0
23208.0
-7279.0
20403.0
15807.0
6230.0
5375.0
14311.0
-28618.0
-23250.0
-43366.0
38050.0
-26353.0
-29610.0
-22570.0
-23435.0
279.0
27833.0
6785.0
-11611.0
-5195.0
2089.0
860.0
14268.0
-2972.0
-11558.0
-11637.0
-10008.0
-266.0
12172.0
24527.0
-14123.0
-28157.0
6131.0
-30011.0
10268.0
-3605.0
6569.0
-41511.0
6618.0
-22050.0
713.0
-21966.0
30105.0
-6243.0
-35805.0
-31027.0
-30119.0
-20986.0
-19326.0
-20503.0
