-2038.0
2297.0
-9629.0
5568.0
4506.0
18253.0
2513.0
5036.0
-23036.0
-9578.0
30862.0
5306.0
2477.0
-26205.0
4407.0
-6768.0
-7892.0
-954.0
53264.0
2559.0
32984.0
-5187.0
-8419.0
-5058.0
-492.0
-5443.0
-2499.0
-12638.0
-21111.0
-1046.0
-19812.0
20427.0
-27595.0
11471.0
-2203.0
1791.0
17668.0
-5926.0
-31282.0
-13498.0
-7940.0
-19148.0
28831.0
24279.0
-2399.0
-9520.0
4807.0
-20554.0
-17841.0
-14583.0
22372.0
17710.0
26172.0
8124.0
-7089.0
-8842.0
11725.0
-9828.0
9055.0
2677.0
-3891.0
-9957.0
-28756.0
8973.0
-33599.0
9568.0
-3558.0
-3313.0
14051.0
-7951.0
-21495.0
-9023.0
-21460.0
-20747.0
11750.0
9129.0
-11063.0
-14274.0
28008.0
-20068.0
-36380.0
-15068.0
16650.0
17731.0
23612.0
6161.0
-20761.0
-21313.0
-1496.0
-23800.0
-12569.0
-10222.0
-16864.0
1348.0
-32370.0
9585.0
-24459.0
22280.0
-9133.0
1018.0
13243.0
-1320.0
-38957.0
-3768.0
-14948.0
-49393.0
9966.0
-3353.0
-16725.0
-3546.0
4431.0
-12910.0
878.0
-446.0
12677.0
25755.0
3387.0
-4669.0
-11872.0
-4116.0
1364.0
2165.0
-1798.0
-18310.0
-29792.0
-3681.0
-47007.0
-7752.0
-33503.0
-7277.0
-4575.0
-8415.0
17138.0
-11624.0
2392.0
-2667.0
-33244.0
-20005.0
24234.0
8560.0
-16577.0
9821.0
19144.0
-1174.0
-31146.0
-8601.0
25231.0
-5467.0
21169.0
20918.0
-15110.0
-21403.0
37012.0
-18035.0
-26738.0
-23942.0
-26396.0
2481.0
-24234.0
20280.0
-15377.0
6055.0
-15605.0
5415.0
-4258.0
-3696.0
-15461.0
-16725.0
-19617.0
-9447.0
16156.0
16841.0
-14242.0
-5307.0
-4044.0
-12947.0
-21723.0
837.0
28436.0
10127.0
-18289.0
11325.0
6360.0
-14493.0
27356.0
-2242.0
-24935.0
-16245.0
-19733.0
-13176.0
-28642.0
14731.0
-22250.0
8929.0
-16324.0
8921.0
26085.0
4328.0
-22894.0
-22724.0
-4259.0
-32953.0
-14238.0
1972.0
-14494.0
-25115.0
-9302.0
-7344.0
-22599.0
-8930.0
43201.0
8366.0
28399.0
-1114.0
-14154.0
-5233.0
3427.0
-2707.0
12461.0
-14984.0
-30160.0
-4232.0
-42174.0
310.0
-28845.0
6823.0
8861.0
-15752.0
41322.0
-12951.0
-17040.0
-2930.0
-30553.0
-6248.0
31371.0
18932.0
-25634.0
-28364.0
-9397.0
-25458.0
-12057.0
-5531.0
20422.0
5528.0
9046.0
-11103.0
-4367.0
-28233.0
25008.0
-17929.0
-17238.0
-15472.0
-32256.0
-3820.0
-22917.0
10077.0
