174.0
0.0
26.0
0.0
11.0
108.0
206.0
126.0
0.0
0.0
133.0
92.0
0.0
0.0
0.0
114.0
0.0
0.0
255.0
0.0
107.0
0.0
0.0
122.0
0.0
67.0
172.0
74.0
119.0
173.0
0.0
0.0
0.0
71.0
84.0
0.0
114.0
0.0
0.0
0.0
16.0
0.0
117.0
240.0
0.0
54.0
0.0
6.0
0.0
0.0
19.0
0.0
53.0
18.0
0.0
92.0
0.0
32.0
255.0
194.0
253.0
103.0
0.0
0.0
0.0
56.0
74.0
0.0
86.0
0.0
18.0
16.0
0.0
0.0
0.0
122.0
0.0
16.0
13.0
10.0
0.0
0.0
0.0
0.0
33.0
2.0
0.0
0.0
0.0
0.0
94.0
93.0
152.0
192.0
0.0
0.0
0.0
155.0
30.0
0.0
80.0
0.0
0.0
57.0
0.0
0.0
0.0
24.0
0.0
100.0
0.0
66.0
0.0
0.0
0.0
57.0
0.0
0.0
0.0
129.0
0.0
126.0
178.0
30.0
51.0
152.0
0.0
0.0
0.0
0.0
66.0
0.0
110.0
0.0
205.0
66.0
0.0
0.0
81.0
117.0
0.0
205.0
0.0
157.0
0.0
0.0
42.0
0.0
14.0
118.0
0.0
0.0
105.0
0.0
0.0
0.0
78.0
201.0
0.0
0.0
70.0
29.0
0.0
0.0
0.0
0.0
66.0
0.0
0.0
0.0
18.0
182.0
0.0
86.0
0.0
66.0
0.0
0.0
67.0
0.0
0.0
43.0
35.0
48.0
29.0
92.0
0.0
46.0
130.0
78.0
0.0
0.0
16.0
51.0
0.0
0.0
180.0
0.0
7.0
0.0
44.0
0.0
0.0
66.0
0.0
0.0
0.0
109.0
0.0
0.0
182.0
0.0
71.0
0.0
0.0
120.0
0.0
88.0
255.0
56.0
48.0
148.0
0.0
0.0
0.0
35.0
171.0
0.0
255.0
0.0
53.0
64.0
0.0
0.0
137.0
198.0
0.0
0.0
0.0
0.0
0.0
0.0
4.0
0.0
0.0
0.0
0.0
0.0
11.0
0.0
57.0
52.0
32.0
151.0
0.0
0.0
