-14431.0
2501.0
-4973.0
-22776.0
-20848.0
6959.0
-17057.0
-10626.0
-5920.0
-9084.0
730.0
2521.0
-10956.0
-762.0
-6106.0
8846.0
-3946.0
-7205.0
-15020.0
23667.0
6403.0
-306.0
-34448.0
-26909.0
-10042.0
-60078.0
-14953.0
20091.0
-6351.0
-25639.0
-15795.0
-15802.0
-8028.0
1366.0
-14733.0
-34404.0
-38988.0
7223.0
-25874.0
-31995.0
-2142.0
-24109.0
4681.0
-10722.0
23818.0
691.0
-9052.0
7782.0
-6798.0
-3356.0
-11371.0
16555.0
9330.0
-16361.0
-41898.0
-15796.0
6726.0
-62098.0
-6894.0
20953.0
-10366.0
-27594.0
-3780.0
-49403.0
-15399.0
4581.0
-22038.0
-29303.0
-24283.0
16931.0
-30903.0
-24638.0
-6881.0
-15496.0
11559.0
-15114.0
11699.0
-9169.0
-16573.0
-331.0
-8213.0
8759.0
-8464.0
29788.0
-11101.0
-15460.0
-34950.0
-22617.0
-4452.0
-69133.0
-7185.0
22434.0
-18790.0
-34895.0
-3292.0
-42981.0
-6632.0
7242.0
-15492.0
-36055.0
-26658.0
15601.0
-31462.0
-28601.0
7256.0
-26801.0
13427.0
-12591.0
602.0
-9768.0
-18619.0
1949.0
-13911.0
-2496.0
-14767.0
22603.0
562.0
-13254.0
-45134.0
-21071.0
13845.0
-68579.0
-11795.0
36227.0
-14024.0
-31682.0
234.0
-43078.0
-23127.0
2384.0
-20091.0
-32162.0
-34108.0
19320.0
-18827.0
-14430.0
-9295.0
-23885.0
18351.0
-9372.0
2633.0
-4202.0
-13823.0
-3517.0
-16868.0
6782.0
-12425.0
10290.0
-738.0
-18958.0
-43579.0
-14189.0
-2587.0
-71440.0
-5027.0
30884.0
-15784.0
-27355.0
-10219.0
-42298.0
-2503.0
-14274.0
-10037.0
-34130.0
-26294.0
19086.0
-21936.0
-16877.0
6054.0
-22058.0
24315.0
-16741.0
15634.0
-12860.0
-20613.0
-4220.0
-16070.0
5294.0
-9756.0
30479.0
-6555.0
-9922.0
-43763.0
-20274.0
371.0
-57130.0
-5841.0
41245.0
-27382.0
-31145.0
1555.0
-36517.0
-16910.0
-8531.0
-8347.0
-39592.0
-30924.0
14823.0
-26552.0
-13984.0
-1810.0
-13912.0
29013.0
-11876.0
16964.0
-6644.0
-21781.0
-1908.0
-21893.0
-3812.0
-11265.0
22095.0
3406.0
-10850.0
-36435.0
-24758.0
-6944.0
-56248.0
-4797.0
30910.0
-18473.0
-32451.0
807.0
-46255.0
2820.0
-6456.0
-7214.0
-27334.0
-23504.0
6542.0
-10470.0
-33466.0
-3462.0
-12946.0
6152.0
-14385.0
6540.0
-5693.0
-21909.0
6225.0
-16988.0
4683.0
8054.0
9470.0
3691.0
-11554.0
-13978.0
-16993.0
6072.0
-36238.0
1091.0
27930.0
-20721.0
-19932.0
11305.0
-40971.0
