13548.0
-30484.0
-1577.0
-21796.0
-20196.0
9118.0
-20435.0
-26577.0
-10778.0
-8036.0
2994.0
-6728.0
-19783.0
14681.0
-15280.0
8076.0
12190.0
-6804.0
-6409.0
25777.0
7439.0
-16409.0
-40401.0
-35824.0
-25763.0
-68748.0
-11100.0
12659.0
6944.0
-24546.0
-14494.0
-21275.0
-6840.0
-36292.0
663.0
-23275.0
-27889.0
19795.0
-50363.0
-33932.0
-1700.0
-12347.0
34640.0
-17462.0
-234.0
197.0
-21695.0
-17137.0
17753.0
7286.0
-9948.0
-2863.0
7803.0
-21494.0
-45433.0
-22652.0
-29111.0
-79514.0
-8666.0
14208.0
-4996.0
-57510.0
273.0
-60375.0
-4473.0
-10504.0
-20299.0
-23387.0
-18107.0
8954.0
-39354.0
-42297.0
3728.0
-15195.0
33143.0
-811.0
-10856.0
-7172.0
-27842.0
2143.0
19387.0
4849.0
1610.0
29979.0
12499.0
-14249.0
-45704.0
-21088.0
-16745.0
-57144.0
-8636.0
3339.0
-6100.0
-46331.0
-5086.0
-46141.0
-15995.0
-17903.0
-19423.0
-17564.0
-13952.0
12031.0
-59938.0
-50988.0
-8720.0
-3607.0
37294.0
-10616.0
-5603.0
7600.0
-19403.0
5912.0
15759.0
-976.0
6877.0
35251.0
17925.0
-6161.0
-54397.0
-22600.0
-13824.0
-49861.0
-11484.0
24308.0
6367.0
-46900.0
-13364.0
-44456.0
-20877.0
-5096.0
-22498.0
-21698.0
-11411.0
24139.0
-49227.0
-59073.0
-10920.0
-10007.0
22598.0
-1133.0
-8375.0
7268.0
-16567.0
10375.0
34615.0
-5333.0
-13351.0
10341.0
14288.0
-15462.0
-65314.0
-21890.0
-9565.0
-48542.0
-4633.0
6024.0
17395.0
-47287.0
-15413.0
-43164.0
-29195.0
-23436.0
-31993.0
-29341.0
-23391.0
29954.0
-61972.0
-47243.0
4508.0
-2883.0
28437.0
-10897.0
91.0
17325.0
-13710.0
-4819.0
7702.0
-12750.0
-1457.0
24097.0
-489.0
-22081.0
-63016.0
-32814.0
-14889.0
-68567.0
-9288.0
21709.0
6785.0
-47800.0
-10438.0
-34801.0
-27192.0
-25440.0
-16538.0
-32290.0
-12699.0
12068.0
-42871.0
-23184.0
22859.0
-3009.0
33133.0
-16505.0
-3986.0
14654.0
-29793.0
-4815.0
493.0
5958.0
-11710.0
6000.0
5815.0
-14963.0
-59500.0
-37753.0
-10431.0
-48138.0
-15782.0
6774.0
-5004.0
-59630.0
-5441.0
-53339.0
-4678.0
-16751.0
-22531.0
-31097.0
-11371.0
11195.0
-28982.0
-37259.0
3467.0
-6203.0
11758.0
-8554.0
-7298.0
6223.0
-18587.0
3674.0
8936.0
-1422.0
2733.0
2822.0
10097.0
-19550.0
-35093.0
-16877.0
6185.0
-40156.0
-2694.0
6161.0
-7529.0
-37907.0
11532.0
-32292.0
