137.0
237.0
76.0
24.0
0.0
0.0
0.0
255.0
0.0
0.0
0.0
171.0
0.0
0.0
0.0
255.0
0.0
0.0
158.0
93.0
151.0
118.0
0.0
0.0
0.0
0.0
0.0
0.0
0.0
83.0
0.0
58.0
187.0
228.0
0.0
0.0
0.0
0.0
0.0
99.0
15.0
0.0
0.0
68.0
255.0
5.0
0.0
255.0
0.0
17.0
187.0
37.0
174.0
0.0
0.0
0.0
123.0
0.0
0.0
0.0
0.0
67.0
0.0
0.0
130.0
253.0
0.0
0.0
0.0
37.0
0.0
156.0
0.0
0.0
0.0
33.0
161.0
0.0
0.0
221.0
0.0
111.0
209.0
141.0
14.0
0.0
0.0
0.0
36.0
0.0
0.0
0.0
0.0
10.0
0.0
0.0
198.0
255.0
0.0
0.0
0.0
26.0
0.0
125.0
89.0
0.0
0.0
53.0
75.0
0.0
0.0
239.0
0.0
23.0
160.0
85.0
106.0
17.0
0.0
0.0
179.0
0.0
0.0
91.0
0.0
35.0
0.0
0.0
69.0
236.0
0.0
0.0
0.0
55.0
0.0
236.0
0.0
0.0
0.0
78.0
91.0
0.0
0.0
196.0
0.0
96.0
178.0
0.0
95.0
0.0
0.0
0.0
50.0
0.0
0.0
49.0
0.0
69.0
0.0
0.0
230.0
106.0
36.0
0.0
0.0
53.0
0.0
217.0
79.0
0.0
22.0
21.0
192.0
0.0
0.0
191.0
0.0
84.0
199.0
146.0
50.0
43.0
0.0
0.0
74.0
0.0
0.0
130.0
0.0
40.0
0.0
0.0
118.0
150.0
50.0
0.0
0.0
20.0
0.0
239.0
18.0
0.0
59.0
59.0
203.0
0.0
0.0
209.0
0.0
13.0
188.0
81.0
128.0
35.0
0.0
0.0
16.0
0.0
0.0
50.0
0.0
29.0
0.0
0.0
255.0
167.0
58.0
0.0
0.0
0.0
51.0
87.0
5.0
0.0
0.0
39.0
121.0
0.0
0.0
255.0
0.0
80.0
255.0
0.0
130.0
30.0
101.0
0.0
118.0
154.0
17.0
26.0
0.0
127.0
0.0
0.0
