2212.0
7140.0
3065.0
26559.0
-10722.0
8395.0
-7685.0
-9412.0
71.0
4658.0
-2514.0
-11556.0
-14488.0
-12592.0
-10978.0
-19205.0
-29325.0
-22960.0
-8209.0
-15631.0
-28650.0
1255.0
-19631.0
-6491.0
9300.0
-1138.0
-16915.0
-17585.0
-14384.0
2734.0
-11475.0
6360.0
-21165.0
6512.0
-2581.0
-246.0
-17961.0
-40100.0
26975.0
-24625.0
-24067.0
-4824.0
3882.0
-13467.0
-8797.0
-29769.0
7917.0
-18422.0
-50428.0
-21822.0
16496.0
512.0
-52236.0
-20028.0
-27651.0
8174.0
-12315.0
-20978.0
-24356.0
-12858.0
-20352.0
19662.0
-16837.0
-20588.0
-24884.0
-5312.0
11408.0
-4535.0
-30271.0
-34959.0
9231.0
3149.0
-16050.0
-8072.0
5184.0
-8583.0
6977.0
-29130.0
-1682.0
-11033.0
-21738.0
-34332.0
-2904.0
-10709.0
-33228.0
-27137.0
-11222.0
-10275.0
-13140.0
-17344.0
-7038.0
137.0
-22287.0
-4137.0
-13678.0
-11908.0
6305.0
7045.0
-26768.0
15794.0
-16315.0
-26475.0
15519.0
-14918.0
-12902.0
-17644.0
3326.0
-23606.0
-7154.0
-18578.0
15904.0
-19063.0
-39768.0
-25777.0
-5238.0
7958.0
-29798.0
-28252.0
-12620.0
-18844.0
-13505.0
-6874.0
3979.0
-14684.0
-21029.0
3297.0
-36822.0
-21389.0
-4430.0
25033.0
-1213.0
6427.0
-7959.0
1199.0
13176.0
-5561.0
-26083.0
-6880.0
2855.0
-18866.0
-5526.0
-14981.0
-10814.0
-4668.0
-27110.0
-2079.0
-12316.0
1140.0
-28143.0
2223.0
-14099.0
-5763.0
2978.0
-10267.0
7599.0
-17640.0
-22797.0
7290.0
-33802.0
4328.0
-31121.0
25157.0
-24622.0
30520.0
-30827.0
-10597.0
-14400.0
-14591.0
377.0
-4423.0
-7453.0
-17595.0
3248.0
-34663.0
10624.0
-15896.0
-9298.0
-12043.0
2256.0
7771.0
-57214.0
-21124.0
-12983.0
-3752.0
-21232.0
-15990.0
-29168.0
-25490.0
-36951.0
4100.0
-29507.0
-6749.0
-4230.0
21648.0
-25644.0
30249.0
-14241.0
6968.0
6625.0
-14247.0
-15354.0
6964.0
-8212.0
-17642.0
-2801.0
-18722.0
9528.0
-24830.0
-36642.0
-12706.0
1379.0
-16396.0
-48502.0
-25884.0
201.0
16848.0
-27937.0
-5085.0
-11874.0
-20957.0
-17973.0
4444.0
7377.0
-15555.0
-13121.0
9590.0
-230.0
-2472.0
-4041.0
-24660.0
11751.0
5896.0
-7156.0
-7154.0
-8700.0
5397.0
-10982.0
-11783.0
17822.0
-17551.0
-14863.0
-12067.0
4038.0
-23930.0
-29199.0
-11908.0
-3826.0
9981.0
-19774.0
1609.0
699.0
-13662.0
-14528.0
-1178.0
-9630.0
-7285.0
