8357.0
3915.0
-7306.0
25296.0
-5975.0
344.0
4950.0
4021.0
-9154.0
3399.0
4992.0
-17834.0
6346.0
-13505.0
-15264.0
327.0
-19308.0
19040.0
-17596.0
1.0
-9288.0
-8200.0
-23107.0
-12517.0
5185.0
-9671.0
-23601.0
-22386.0
-18344.0
6249.0
-12376.0
7836.0
-13323.0
13096.0
-264.0
-1742.0
-4465.0
-17746.0
21178.0
-12723.0
494.0
-2519.0
8653.0
-16210.0
684.0
-13931.0
-4432.0
8506.0
-18322.0
-3180.0
-292.0
-6096.0
-15092.0
-9394.0
-22124.0
8302.0
-11185.0
-28298.0
-2840.0
-10035.0
-4707.0
-1855.0
-13297.0
7907.0
894.0
-6108.0
-7682.0
15585.0
-13793.0
-36844.0
2239.0
-2833.0
-6691.0
366.0
-4361.0
-23574.0
-4946.0
-15901.0
-15101.0
-8004.0
-8329.0
-16277.0
-11470.0
-9328.0
-12961.0
-34978.0
-19606.0
-15701.0
-14713.0
-20376.0
-5664.0
5480.0
-10941.0
-8592.0
-18535.0
9584.0
-1166.0
-684.0
-6203.0
24268.0
6947.0
-15690.0
-430.0
7002.0
1181.0
9719.0
2052.0
-7569.0
15070.0
-21500.0
-4492.0
-1764.0
-8777.0
3030.0
3528.0
-7170.0
-29019.0
-24040.0
389.0
2098.0
-25314.0
-14801.0
-1589.0
-2226.0
-12060.0
-9235.0
-7971.0
12751.0
3020.0
20871.0
-3348.0
17666.0
-1878.0
-8319.0
24907.0
-7024.0
-4848.0
-3531.0
1287.0
-24067.0
-5200.0
-6842.0
-10076.0
1884.0
-15914.0
-491.0
-19392.0
-8322.0
-15245.0
-18224.0
342.0
11764.0
-12942.0
-12211.0
-11805.0
-13530.0
-10217.0
-3768.0
-13083.0
-1944.0
103.0
6037.0
-4894.0
19014.0
-9459.0
-29966.0
-3299.0
-10882.0
-10964.0
10339.0
2210.0
-11580.0
7667.0
-14162.0
-4174.0
1158.0
1382.0
-6996.0
-6486.0
-10505.0
-19474.0
-16028.0
-29710.0
-3506.0
7177.0
-22013.0
-14403.0
941.0
2375.0
-12047.0
-4582.0
-16613.0
-18294.0
-9089.0
-5575.0
19598.0
-2538.0
-15175.0
5151.0
-687.0
-13381.0
6368.0
7861.0
-5102.0
9038.0
-22502.0
5308.0
-23856.0
-16326.0
3578.0
-7889.0
-4981.0
-29359.0
-19253.0
-10964.0
-2697.0
-11228.0
-34150.0
-12567.0
-6858.0
-6735.0
-9094.0
-3994.0
4474.0
-9633.0
-2055.0
5440.0
253.0
-585.0
-16515.0
13054.0
-10344.0
-18885.0
-10566.0
866.0
-5566.0
-9012.0
-19608.0
-9503.0
-5752.0
-5374.0
-6160.0
-7815.0
-4435.0
-4723.0
-27395.0
24306.0
51.0
-11573.0
-15548.0
-1149.0
-936.0
-7446.0
4399.0
-10864.0
-11820.0
