158.0
0.0
32.0
18.0
204.0
193.0
0.0
69.0
0.0
37.0
0.0
58.0
30.0
0.0
0.0
65.0
0.0
192.0
0.0
19.0
188.0
204.0
0.0
0.0
0.0
0.0
0.0
6.0
70.0
0.0
109.0
148.0
0.0
66.0
87.0
0.0
216.0
52.0
44.0
0.0
0.0
0.0
0.0
70.0
0.0
0.0
0.0
129.0
0.0
19.0
40.0
0.0
143.0
195.0
0.0
0.0
0.0
0.0
60.0
103.0
177.0
0.0
102.0
149.0
100.0
0.0
29.0
0.0
143.0
0.0
0.0
15.0
0.0
13.0
0.0
13.0
0.0
0.0
0.0
0.0
26.0
0.0
0.0
0.0
160.0
0.0
0.0
0.0
0.0
0.0
38.0
224.0
128.0
0.0
61.0
162.0
84.0
0.0
40.0
10.0
255.0
68.0
0.0
92.0
0.0
86.0
0.0
138.0
98.0
0.0
0.0
48.0
23.0
67.0
70.0
0.0
34.0
80.0
4.0
0.0
0.0
0.0
70.0
164.0
119.0
0.0
143.0
187.0
116.0
127.0
63.0
0.0
236.0
125.0
74.0
0.0
0.0
0.0
0.0
9.0
0.0
1.0
0.0
77.0
0.0
40.0
0.0
0.0
142.0
126.0
4.0
0.0
0.0
0.0
0.0
75.0
134.0
0.0
103.0
72.0
94.0
11.0
51.0
0.0
177.0
0.0
0.0
0.0
0.0
91.0
0.0
107.0
40.0
0.0
0.0
71.0
102.0
0.0
0.0
0.0
109.0
143.0
0.0
0.0
0.0
0.0
0.0
189.0
232.0
0.0
170.0
0.0
0.0
0.0
45.0
0.0
231.0
72.0
0.0
32.0
0.0
60.0
0.0
157.0
51.0
0.0
2.0
0.0
0.0
72.0
0.0
0.0
32.0
118.0
0.0
0.0
0.0
0.0
0.0
128.0
161.0
0.0
174.0
122.0
18.0
0.0
131.0
0.0
246.0
61.0
0.0
0.0
0.0
0.0
0.0
154.0
0.0
0.0
0.0
17.0
49.0
0.0
0.0
0.0
224.0
54.0
191.0
0.0
0.0
0.0
73.0
174.0
155.0
0.0
121.0
0.0
