-2185.0
-2061.0
-25823.0
-25076.0
9382.0
-1950.0
-11118.0
-31063.0
-16448.0
-34719.0
1183.0
7027.0
-3656.0
-26205.0
-5915.0
11289.0
-10756.0
-34084.0
-15072.0
-4718.0
-14009.0
829.0
-8740.0
-17128.0
-35068.0
-1795.0
3559.0
9453.0
-14951.0
3844.0
16884.0
-23360.0
-5968.0
-13552.0
-25841.0
-40808.0
-5421.0
-21830.0
-20915.0
-34241.0
-19890.0
-32835.0
-14628.0
3121.0
-5982.0
-33069.0
-11750.0
8071.0
-25313.0
-60221.0
-28926.0
-2224.0
-13796.0
-6465.0
-8121.0
-14032.0
-49508.0
-8051.0
6076.0
10181.0
-17459.0
1370.0
17865.0
-5529.0
-13017.0
-8034.0
-27828.0
-37305.0
-1764.0
-13996.0
-20585.0
-35755.0
-28054.0
-39275.0
-10641.0
-132.0
-1380.0
-26288.0
-9341.0
14712.0
-17392.0
-51045.0
-25108.0
2312.0
-11247.0
-10609.0
-10114.0
-28484.0
-51575.0
-13105.0
-182.0
3318.0
-14331.0
-718.0
9764.0
-14958.0
-19003.0
-10853.0
-24884.0
-45083.0
-7720.0
-19596.0
-22150.0
-40058.0
-25158.0
-38064.0
-6771.0
7013.0
1790.0
-22794.0
-19980.0
17914.0
-31527.0
-63017.0
-30775.0
-2505.0
-15167.0
-19525.0
-772.0
-24946.0
-50593.0
-8940.0
2909.0
9251.0
-15078.0
-5829.0
18923.0
-14776.0
-13734.0
-2405.0
-44594.0
-38593.0
-2977.0
-16964.0
-25438.0
-46603.0
-28469.0
-36583.0
-11420.0
3648.0
-6136.0
-31189.0
-12692.0
9651.0
-25277.0
-54714.0
-24282.0
-5481.0
-14419.0
-18610.0
-5428.0
-19568.0
-47409.0
-8997.0
-1133.0
2248.0
-7637.0
-4435.0
12740.0
-23254.0
-12700.0
-7119.0
-36180.0
-34886.0
-4760.0
-16085.0
-18361.0
-41311.0
-20519.0
-36921.0
-4684.0
1849.0
-4064.0
-24051.0
-12078.0
3164.0
-26757.0
-59244.0
-26906.0
-8728.0
-14149.0
-12899.0
-9913.0
-24557.0
-49950.0
-12656.0
1321.0
4222.0
-14560.0
-4112.0
9164.0
-8574.0
-17213.0
-12903.0
-37718.0
-41578.0
-1545.0
-15696.0
-23230.0
-42398.0
-23477.0
-40280.0
-9553.0
-1691.0
-9140.0
-37678.0
-13627.0
13856.0
-27878.0
-49854.0
-24322.0
-7296.0
-12763.0
-8795.0
-2322.0
-16594.0
-50403.0
-6584.0
7242.0
9969.0
-30812.0
566.0
13033.0
-13358.0
-10730.0
-2511.0
-30759.0
-31435.0
-14210.0
-15065.0
-19928.0
-29015.0
-23314.0
-18941.0
-4348.0
14588.0
3708.0
-16865.0
394.0
12558.0
-23223.0
-46411.0
-26786.0
4562.0
-11641.0
-24236.0
-9176.0
-20148.0
-36958.0
-15238.0
-1509.0
10439.0
-2873.0
7522.0
8182.0
-13990.0
