-3649.0
7649.0
-16024.0
-30311.0
-789.0
-865.0
-1453.0
-20528.0
-11196.0
-21634.0
14632.0
4522.0
-7625.0
1080.0
3308.0
4569.0
-23909.0
-27947.0
-3291.0
-4523.0
-6466.0
-12948.0
-15880.0
-15023.0
-23125.0
-297.0
-8105.0
-5015.0
-17725.0
10838.0
1491.0
-16378.0
-11414.0
-2003.0
-24696.0
-37844.0
-17126.0
-16528.0
-10946.0
-22211.0
-5686.0
-4585.0
263.0
2074.0
-4485.0
12090.0
6337.0
-3435.0
-42788.0
-44921.0
1441.0
-4158.0
1767.0
-29592.0
-10340.0
-11465.0
-35929.0
4403.0
2562.0
-8194.0
-25112.0
-992.0
10460.0
-15356.0
-12964.0
2632.0
-16468.0
-31709.0
-9362.0
-14187.0
-7052.0
-29511.0
-12256.0
-8147.0
5978.0
4239.0
-6848.0
9219.0
7714.0
-4404.0
-40059.0
-34578.0
-2346.0
-787.0
7652.0
-17529.0
-10251.0
-14342.0
-32588.0
5257.0
-5711.0
-13174.0
-23302.0
-1112.0
7234.0
-22064.0
-14997.0
317.0
-17105.0
-34671.0
-12404.0
-21330.0
-8094.0
-21022.0
-12054.0
-10300.0
10743.0
1855.0
-6704.0
16880.0
6458.0
-2384.0
-46904.0
-43268.0
-1332.0
-6852.0
5842.0
-22866.0
-13627.0
-18531.0
-35713.0
5361.0
-4135.0
-10872.0
-28504.0
1456.0
1998.0
-25966.0
-9841.0
-1710.0
-24568.0
-35714.0
-10464.0
-20691.0
-8188.0
-18610.0
-10105.0
-8873.0
8378.0
1666.0
-4445.0
9749.0
7511.0
4518.0
-38852.0
-30888.0
2327.0
-9763.0
4029.0
-20926.0
-4812.0
-19556.0
-42082.0
3090.0
-7056.0
-11831.0
-31774.0
1506.0
7133.0
-25232.0
-13097.0
-6410.0
-16620.0
-36199.0
-10952.0
-19700.0
-4808.0
-16748.0
-13350.0
-12346.0
6962.0
801.0
-7271.0
14564.0
7285.0
-5856.0
-40283.0
-35689.0
-899.0
-9810.0
-1103.0
-25682.0
-8737.0
-18459.0
-32748.0
-692.0
-6375.0
-12033.0
-23345.0
-3180.0
199.0
-19890.0
-8962.0
-3243.0
-21770.0
-38036.0
-11975.0
-23656.0
-5656.0
-21828.0
-9161.0
-7340.0
4956.0
3987.0
-13685.0
5455.0
3709.0
-491.0
-40054.0
-33046.0
-1366.0
-8086.0
-3354.0
-20319.0
-4778.0
-14166.0
-37365.0
5766.0
216.0
-9783.0
-37624.0
3236.0
13594.0
-23447.0
-10837.0
-1631.0
-33614.0
-20980.0
-12918.0
-20071.0
-7848.0
-23676.0
-3823.0
-6653.0
978.0
8999.0
3591.0
4864.0
15615.0
2355.0
-36501.0
-29489.0
3525.0
-1443.0
2604.0
-23367.0
-1291.0
-18586.0
-23022.0
1661.0
-4860.0
-6998.0
-19234.0
338.0
11411.0
-27611.0
