7.0
214.0
20.0
0.0
146.0
0.0
255.0
0.0
0.0
0.0
195.0
0.0
17.0
101.0
233.0
218.0
55.0
0.0
255.0
35.0
88.0
0.0
0.0
0.0
0.0
255.0
106.0
112.0
129.0
0.0
140.0
24.0
0.0
138.0
0.0
0.0
19.0
0.0
219.0
0.0
0.0
90.0
83.0
0.0
41.0
187.0
255.0
155.0
0.0
0.0
255.0
38.0
153.0
0.0
0.0
0.0
0.0
255.0
190.0
87.0
72.0
0.0
210.0
32.0
0.0
174.0
16.0
0.0
80.0
0.0
250.0
0.0
0.0
62.0
127.0
0.0
23.0
164.0
255.0
147.0
0.0
0.0
255.0
64.0
199.0
0.0
0.0
0.0
0.0
255.0
125.0
48.0
86.0
0.0
185.0
0.0
0.0
156.0
11.0
0.0
56.0
0.0
242.0
0.0
0.0
45.0
165.0
0.0
24.0
224.0
255.0
163.0
0.0
0.0
255.0
17.0
185.0
0.0
0.0
0.0
0.0
255.0
137.0
66.0
45.0
0.0
144.0
0.0
0.0
140.0
0.0
0.0
71.0
0.0
241.0
0.0
0.0
56.0
146.0
0.0
42.0
168.0
255.0
217.0
0.0
0.0
255.0
0.0
170.0
0.0
0.0
0.0
0.0
255.0
114.0
59.0
20.0
0.0
184.0
0.0
0.0
104.0
15.0
0.0
67.0
0.0
255.0
9.0
0.0
29.0
135.0
0.0
20.0
206.0
255.0
136.0
0.0
0.0
255.0
0.0
130.0
0.0
0.0
0.0
0.0
255.0
120.0
57.0
85.0
0.0
130.0
0.0
0.0
128.0
0.0
0.0
59.0
0.0
255.0
0.0
0.0
68.0
119.0
0.0
0.0
135.0
236.0
178.0
0.0
0.0
255.0
7.0
113.0
0.0
0.0
0.0
0.0
255.0
171.0
75.0
0.0
0.0
234.0
0.0
0.0
141.0
0.0
0.0
52.0
0.0
244.0
0.0
0.0
74.0
88.0
0.0
105.0
130.0
255.0
200.0
0.0
0.0
255.0
59.0
159.0
0.0
0.0
0.0
0.0
255.0
132.0
97.0
118.0
0.0
217.0
0.0
