-16307.0
9905.0
-7323.0
1515.0
-15342.0
-17788.0
-4617.0
-4572.0
1227.0
3840.0
9977.0
-10588.0
-9615.0
5629.0
7180.0
2029.0
-5338.0
4616.0
8915.0
-1997.0
7595.0
-28386.0
12563.0
-4948.0
-6893.0
8509.0
-196.0
-2666.0
-23446.0
-6458.0
-24382.0
-6529.0
-21481.0
11108.0
-7405.0
6254.0
-21836.0
-7753.0
-6782.0
4427.0
3344.0
2117.0
6343.0
-19550.0
-5685.0
-5994.0
-3503.0
-9473.0
-7916.0
1359.0
12993.0
-193.0
-11718.0
-24824.0
226.0
-1406.0
-13507.0
-1694.0
347.0
-2953.0
-18739.0
-9694.0
-29995.0
-13201.0
-8648.0
16880.0
-12192.0
8291.0
-16986.0
-10124.0
-6669.0
5559.0
2764.0
-6526.0
-832.0
-8101.0
-14413.0
611.0
8408.0
-1260.0
-16193.0
7859.0
17557.0
-6234.0
-6926.0
-31981.0
808.0
-7183.0
-9026.0
-2896.0
13408.0
-4351.0
-13797.0
-12582.0
-15299.0
-14657.0
-19299.0
19030.0
-12607.0
-2843.0
-22946.0
-15371.0
-3294.0
2495.0
-997.0
-2588.0
-2847.0
-18762.0
-17328.0
-5631.0
4495.0
-7207.0
-14008.0
6981.0
20621.0
-4022.0
-2141.0
-38064.0
7480.0
1486.0
-16462.0
-5977.0
4523.0
-448.0
-8698.0
-12605.0
-35711.0
-22934.0
-18795.0
24852.0
-10995.0
13697.0
-20262.0
-17996.0
-6473.0
-354.0
3858.0
-4061.0
1046.0
-18527.0
-12950.0
3154.0
1264.0
-5153.0
-12026.0
4571.0
23638.0
-6927.0
-15269.0
-18214.0
-8630.0
-3807.0
-14923.0
-1165.0
8976.0
-1412.0
-23025.0
-10614.0
-27894.0
-17357.0
-8826.0
27793.0
-13311.0
853.0
-9376.0
-13007.0
-6837.0
-3670.0
2758.0
242.0
-4422.0
-13911.0
-9527.0
-4516.0
-759.0
-10135.0
-8859.0
8280.0
7648.0
1755.0
-9936.0
-17776.0
-6288.0
-9728.0
-7637.0
8672.0
8300.0
-5287.0
-19764.0
-6874.0
-43103.0
-11858.0
-14087.0
36170.0
-9995.0
9684.0
-25899.0
-15690.0
-8450.0
4518.0
7508.0
-5588.0
22033.0
-11558.0
-2555.0
8366.0
-648.0
-10577.0
-24769.0
2111.0
17170.0
-4975.0
-5709.0
-28975.0
4065.0
-14924.0
-3473.0
-702.0
4783.0
-11483.0
-23905.0
-16264.0
-26748.0
-10660.0
-5756.0
20590.0
2625.0
14242.0
-9579.0
2838.0
-2032.0
4664.0
1476.0
4175.0
-8513.0
-15827.0
-9732.0
-3872.0
11150.0
-10255.0
-10268.0
-4177.0
14987.0
9099.0
-6952.0
-23013.0
296.0
1566.0
-3999.0
4654.0
9718.0
2418.0
-10470.0
-7304.0
-16234.0
-2931.0
