-33024.0
-4106.0
-13745.0
-8851.0
-30330.0
-15927.0
683.0
-7319.0
-2164.0
-1962.0
20517.0
-18569.0
-3292.0
7810.0
-3557.0
-5724.0
-3736.0
-9277.0
6973.0
-906.0
-3925.0
-27418.0
5243.0
-5040.0
-9850.0
5442.0
10583.0
-13149.0
-23886.0
-4150.0
-23321.0
-18681.0
-27470.0
-6565.0
-9176.0
465.0
-41401.0
-12377.0
3139.0
1202.0
6050.0
-8770.0
16281.0
-26958.0
-4934.0
8892.0
-24500.0
-14567.0
-32569.0
-16602.0
1259.0
-10328.0
-20520.0
-11790.0
-25497.0
-13612.0
-18370.0
-3589.0
10671.0
9434.0
-25660.0
-7635.0
-20407.0
-17662.0
-27709.0
349.0
-18063.0
-8071.0
-36679.0
-10894.0
-1584.0
-4427.0
-1695.0
-8926.0
22314.0
-28884.0
-5057.0
-6150.0
-16263.0
-7408.0
-24094.0
-15440.0
11810.0
1727.0
-18824.0
-45735.0
-20410.0
-14138.0
-24596.0
12714.0
19227.0
-5661.0
-20902.0
-7412.0
-18288.0
-1731.0
-48535.0
2292.0
-16542.0
-17880.0
-24646.0
-14588.0
4649.0
9239.0
3687.0
4110.0
17954.0
-27943.0
-8762.0
-2775.0
-18999.0
1785.0
-19951.0
-12800.0
-3840.0
-7242.0
-22691.0
-36607.0
-9881.0
-7216.0
-30017.0
5395.0
17988.0
5314.0
-26260.0
-20947.0
-37856.0
-5442.0
-22029.0
2500.0
-21572.0
-20868.0
-20447.0
-18817.0
415.0
6193.0
19356.0
539.0
13564.0
-21298.0
-12476.0
-3270.0
-5255.0
5441.0
-15224.0
-7249.0
8966.0
-3908.0
-24846.0
-30417.0
-12969.0
-9854.0
-31715.0
-7662.0
23644.0
4493.0
-15241.0
-15974.0
-25839.0
-13574.0
-13113.0
-12837.0
-12551.0
-19004.0
-30720.0
-16781.0
4502.0
6607.0
4243.0
465.0
14079.0
-13901.0
-13116.0
13671.0
-8498.0
-4135.0
-21265.0
-12368.0
-6988.0
-3030.0
-22577.0
-24184.0
-7492.0
-17079.0
-26468.0
2018.0
16132.0
649.0
-12516.0
-1348.0
-42288.0
-13527.0
-20298.0
9314.0
-20953.0
-3965.0
-34514.0
-17719.0
-3699.0
318.0
10928.0
-2802.0
20806.0
-19829.0
-8468.0
12135.0
-7577.0
-14743.0
-22109.0
-10329.0
3122.0
-9055.0
-40119.0
-26251.0
-15868.0
-20267.0
-22267.0
-8909.0
18313.0
-8075.0
-25506.0
-9110.0
-30727.0
-24246.0
-10939.0
7436.0
2789.0
43.0
-16011.0
-5726.0
5131.0
-6676.0
5417.0
10732.0
-2124.0
-17434.0
-14546.0
4678.0
2597.0
-14147.0
-28677.0
-12309.0
-435.0
4552.0
-11851.0
-20723.0
-19622.0
-4167.0
-15455.0
16299.0
6013.0
17063.0
-6047.0
-55.0
-31552.0
-5441.0
