0.0
162.0
0.0
140.0
214.0
187.0
0.0
0.0
143.0
167.0
0.0
0.0
0.0
0.0
255.0
57.0
0.0
43.0
167.0
175.0
37.0
0.0
255.0
106.0
0.0
103.0
0.0
85.0
0.0
0.0
0.0
0.0
0.0
172.0
0.0
177.0
163.0
255.0
0.0
0.0
160.0
153.0
0.0
0.0
0.0
0.0
206.0
0.0
0.0
17.0
199.0
189.0
0.0
0.0
245.0
134.0
0.0
23.0
0.0
83.0
0.0
0.0
0.0
0.0
0.0
217.0
0.0
193.0
201.0
247.0
0.0
0.0
155.0
86.0
0.0
0.0
0.0
0.0
255.0
31.0
0.0
68.0
234.0
142.0
0.0
0.0
249.0
89.0
0.0
14.0
0.0
72.0
0.0
0.0
0.0
0.0
0.0
233.0
0.0
106.0
154.0
206.0
7.0
0.0
126.0
116.0
0.0
0.0
0.0
0.0
255.0
0.0
0.0
61.0
255.0
159.0
0.0
0.0
255.0
157.0
0.0
0.0
0.0
103.0
0.0
0.0
0.0
0.0
0.0
255.0
0.0
235.0
175.0
186.0
0.0
0.0
164.0
105.0
0.0
0.0
0.0
0.0
244.0
0.0
0.0
42.0
255.0
137.0
0.0
0.0
175.0
115.0
0.0
27.0
0.0
95.0
0.0
0.0
0.0
0.0
0.0
255.0
0.0
135.0
255.0
225.0
0.0
0.0
155.0
138.0
0.0
0.0
0.0
0.0
228.0
0.0
0.0
71.0
157.0
205.0
0.0
0.0
194.0
69.0
0.0
104.0
0.0
65.0
0.0
0.0
0.0
0.0
0.0
255.0
0.0
204.0
131.0
204.0
0.0
0.0
192.0
93.0
5.0
0.0
0.0
21.0
229.0
0.0
0.0
23.0
231.0
152.0
0.0
0.0
255.0
28.0
0.0
31.0
0.0
16.0
0.0
0.0
0.0
0.0
0.0
246.0
0.0
239.0
255.0
255.0
17.0
0.0
145.0
169.0
0.0
0.0
0.0
0.0
255.0
0.0
0.0
0.0
214.0
255.0
0.0
0.0
245.0
157.0
0.0
72.0
0.0
125.0
0.0
0.0
0.0
0.0
